0 Mini Quartz Clock Insert 35 mm (not LEGO, stand-in)
0 Name: bk-clock-insert-35mm.dat
0 Author: brickkit
0 !LDRAW_ORG Unofficial_Part
0 !LICENSE Licensed under CC BY 4.0

0 BFC CERTIFY CCW


0 // bezel: front face, outer rim, back face, the lip round the dial
4 16 38 0 0 37.6749 4.96 0 47.0936 6.2 0 47.5 0 0
4 16 37.6749 4.96 0 36.7052 9.8351 0 45.8815 12.2939 0 47.0936 6.2 0
4 16 36.7052 9.8351 0 35.1074 14.542 0 43.8843 18.1775 0 45.8815 12.2939 0
4 16 35.1074 14.542 0 32.909 19 0 41.1362 23.75 0 43.8843 18.1775 0
4 16 32.909 19 0 30.1474 23.1329 0 37.6843 28.9162 0 41.1362 23.75 0
4 16 30.1474 23.1329 0 26.8701 26.8701 0 33.5876 33.5876 0 37.6843 28.9162 0
4 16 26.8701 26.8701 0 23.1329 30.1474 0 28.9162 37.6843 0 33.5876 33.5876 0
4 16 23.1329 30.1474 0 19 32.909 0 23.75 41.1362 0 28.9162 37.6843 0
4 16 19 32.909 0 14.542 35.1074 0 18.1775 43.8843 0 23.75 41.1362 0
4 16 14.542 35.1074 0 9.8351 36.7052 0 12.2939 45.8815 0 18.1775 43.8843 0
4 16 9.8351 36.7052 0 4.96 37.6749 0 6.2 47.0936 0 12.2939 45.8815 0
4 16 4.96 37.6749 0 0 38 0 0 47.5 0 6.2 47.0936 0
4 16 0 38 0 -4.96 37.6749 0 -6.2 47.0936 0 0 47.5 0
4 16 -4.96 37.6749 0 -9.8351 36.7052 0 -12.2939 45.8815 0 -6.2 47.0936 0
4 16 -9.8351 36.7052 0 -14.542 35.1074 0 -18.1775 43.8843 0 -12.2939 45.8815 0
4 16 -14.542 35.1074 0 -19 32.909 0 -23.75 41.1362 0 -18.1775 43.8843 0
4 16 -19 32.909 0 -23.1329 30.1474 0 -28.9162 37.6843 0 -23.75 41.1362 0
4 16 -23.1329 30.1474 0 -26.8701 26.8701 0 -33.5876 33.5876 0 -28.9162 37.6843 0
4 16 -26.8701 26.8701 0 -30.1474 23.1329 0 -37.6843 28.9162 0 -33.5876 33.5876 0
4 16 -30.1474 23.1329 0 -32.909 19 0 -41.1362 23.75 0 -37.6843 28.9162 0
4 16 -32.909 19 0 -35.1074 14.542 0 -43.8843 18.1775 0 -41.1362 23.75 0
4 16 -35.1074 14.542 0 -36.7052 9.8351 0 -45.8815 12.2939 0 -43.8843 18.1775 0
4 16 -36.7052 9.8351 0 -37.6749 4.96 0 -47.0936 6.2 0 -45.8815 12.2939 0
4 16 -37.6749 4.96 0 -38 0 0 -47.5 0 0 -47.0936 6.2 0
4 16 -38 0 0 -37.6749 -4.96 0 -47.0936 -6.2 0 -47.5 0 0
4 16 -37.6749 -4.96 0 -36.7052 -9.8351 0 -45.8815 -12.2939 0 -47.0936 -6.2 0
4 16 -36.7052 -9.8351 0 -35.1074 -14.542 0 -43.8843 -18.1775 0 -45.8815 -12.2939 0
4 16 -35.1074 -14.542 0 -32.909 -19 0 -41.1362 -23.75 0 -43.8843 -18.1775 0
4 16 -32.909 -19 0 -30.1474 -23.1329 0 -37.6843 -28.9162 0 -41.1362 -23.75 0
4 16 -30.1474 -23.1329 0 -26.8701 -26.8701 0 -33.5876 -33.5876 0 -37.6843 -28.9162 0
4 16 -26.8701 -26.8701 0 -23.1329 -30.1474 0 -28.9162 -37.6843 0 -33.5876 -33.5876 0
4 16 -23.1329 -30.1474 0 -19 -32.909 0 -23.75 -41.1362 0 -28.9162 -37.6843 0
4 16 -19 -32.909 0 -14.542 -35.1074 0 -18.1775 -43.8843 0 -23.75 -41.1362 0
4 16 -14.542 -35.1074 0 -9.8351 -36.7052 0 -12.2939 -45.8815 0 -18.1775 -43.8843 0
4 16 -9.8351 -36.7052 0 -4.96 -37.6749 0 -6.2 -47.0936 0 -12.2939 -45.8815 0
4 16 -4.96 -37.6749 0 0 -38 0 0 -47.5 0 -6.2 -47.0936 0
4 16 0 -38 0 4.96 -37.6749 0 6.2 -47.0936 0 0 -47.5 0
4 16 4.96 -37.6749 0 9.8351 -36.7052 0 12.2939 -45.8815 0 6.2 -47.0936 0
4 16 9.8351 -36.7052 0 14.542 -35.1074 0 18.1775 -43.8843 0 12.2939 -45.8815 0
4 16 14.542 -35.1074 0 19 -32.909 0 23.75 -41.1362 0 18.1775 -43.8843 0
4 16 19 -32.909 0 23.1329 -30.1474 0 28.9162 -37.6843 0 23.75 -41.1362 0
4 16 23.1329 -30.1474 0 26.8701 -26.8701 0 33.5876 -33.5876 0 28.9162 -37.6843 0
4 16 26.8701 -26.8701 0 30.1474 -23.1329 0 37.6843 -28.9162 0 33.5876 -33.5876 0
4 16 30.1474 -23.1329 0 32.909 -19 0 41.1362 -23.75 0 37.6843 -28.9162 0
4 16 32.909 -19 0 35.1074 -14.542 0 43.8843 -18.1775 0 41.1362 -23.75 0
4 16 35.1074 -14.542 0 36.7052 -9.8351 0 45.8815 -12.2939 0 43.8843 -18.1775 0
4 16 36.7052 -9.8351 0 37.6749 -4.96 0 47.0936 -6.2 0 45.8815 -12.2939 0
4 16 37.6749 -4.96 0 38 0 0 47.5 0 0 47.0936 -6.2 0
4 16 47.5 0 0 47.0936 6.2 0 47.0936 6.2 8 47.5 0 8
4 16 47.0936 6.2 0 45.8815 12.2939 0 45.8815 12.2939 8 47.0936 6.2 8
4 16 45.8815 12.2939 0 43.8843 18.1775 0 43.8843 18.1775 8 45.8815 12.2939 8
4 16 43.8843 18.1775 0 41.1362 23.75 0 41.1362 23.75 8 43.8843 18.1775 8
4 16 41.1362 23.75 0 37.6843 28.9162 0 37.6843 28.9162 8 41.1362 23.75 8
4 16 37.6843 28.9162 0 33.5876 33.5876 0 33.5876 33.5876 8 37.6843 28.9162 8
4 16 33.5876 33.5876 0 28.9162 37.6843 0 28.9162 37.6843 8 33.5876 33.5876 8
4 16 28.9162 37.6843 0 23.75 41.1362 0 23.75 41.1362 8 28.9162 37.6843 8
4 16 23.75 41.1362 0 18.1775 43.8843 0 18.1775 43.8843 8 23.75 41.1362 8
4 16 18.1775 43.8843 0 12.2939 45.8815 0 12.2939 45.8815 8 18.1775 43.8843 8
4 16 12.2939 45.8815 0 6.2 47.0936 0 6.2 47.0936 8 12.2939 45.8815 8
4 16 6.2 47.0936 0 0 47.5 0 0 47.5 8 6.2 47.0936 8
4 16 0 47.5 0 -6.2 47.0936 0 -6.2 47.0936 8 0 47.5 8
4 16 -6.2 47.0936 0 -12.2939 45.8815 0 -12.2939 45.8815 8 -6.2 47.0936 8
4 16 -12.2939 45.8815 0 -18.1775 43.8843 0 -18.1775 43.8843 8 -12.2939 45.8815 8
4 16 -18.1775 43.8843 0 -23.75 41.1362 0 -23.75 41.1362 8 -18.1775 43.8843 8
4 16 -23.75 41.1362 0 -28.9162 37.6843 0 -28.9162 37.6843 8 -23.75 41.1362 8
4 16 -28.9162 37.6843 0 -33.5876 33.5876 0 -33.5876 33.5876 8 -28.9162 37.6843 8
4 16 -33.5876 33.5876 0 -37.6843 28.9162 0 -37.6843 28.9162 8 -33.5876 33.5876 8
4 16 -37.6843 28.9162 0 -41.1362 23.75 0 -41.1362 23.75 8 -37.6843 28.9162 8
4 16 -41.1362 23.75 0 -43.8843 18.1775 0 -43.8843 18.1775 8 -41.1362 23.75 8
4 16 -43.8843 18.1775 0 -45.8815 12.2939 0 -45.8815 12.2939 8 -43.8843 18.1775 8
4 16 -45.8815 12.2939 0 -47.0936 6.2 0 -47.0936 6.2 8 -45.8815 12.2939 8
4 16 -47.0936 6.2 0 -47.5 0 0 -47.5 0 8 -47.0936 6.2 8
4 16 -47.5 0 0 -47.0936 -6.2 0 -47.0936 -6.2 8 -47.5 0 8
4 16 -47.0936 -6.2 0 -45.8815 -12.2939 0 -45.8815 -12.2939 8 -47.0936 -6.2 8
4 16 -45.8815 -12.2939 0 -43.8843 -18.1775 0 -43.8843 -18.1775 8 -45.8815 -12.2939 8
4 16 -43.8843 -18.1775 0 -41.1362 -23.75 0 -41.1362 -23.75 8 -43.8843 -18.1775 8
4 16 -41.1362 -23.75 0 -37.6843 -28.9162 0 -37.6843 -28.9162 8 -41.1362 -23.75 8
4 16 -37.6843 -28.9162 0 -33.5876 -33.5876 0 -33.5876 -33.5876 8 -37.6843 -28.9162 8
4 16 -33.5876 -33.5876 0 -28.9162 -37.6843 0 -28.9162 -37.6843 8 -33.5876 -33.5876 8
4 16 -28.9162 -37.6843 0 -23.75 -41.1362 0 -23.75 -41.1362 8 -28.9162 -37.6843 8
4 16 -23.75 -41.1362 0 -18.1775 -43.8843 0 -18.1775 -43.8843 8 -23.75 -41.1362 8
4 16 -18.1775 -43.8843 0 -12.2939 -45.8815 0 -12.2939 -45.8815 8 -18.1775 -43.8843 8
4 16 -12.2939 -45.8815 0 -6.2 -47.0936 0 -6.2 -47.0936 8 -12.2939 -45.8815 8
4 16 -6.2 -47.0936 0 0 -47.5 0 0 -47.5 8 -6.2 -47.0936 8
4 16 0 -47.5 0 6.2 -47.0936 0 6.2 -47.0936 8 0 -47.5 8
4 16 6.2 -47.0936 0 12.2939 -45.8815 0 12.2939 -45.8815 8 6.2 -47.0936 8
4 16 12.2939 -45.8815 0 18.1775 -43.8843 0 18.1775 -43.8843 8 12.2939 -45.8815 8
4 16 18.1775 -43.8843 0 23.75 -41.1362 0 23.75 -41.1362 8 18.1775 -43.8843 8
4 16 23.75 -41.1362 0 28.9162 -37.6843 0 28.9162 -37.6843 8 23.75 -41.1362 8
4 16 28.9162 -37.6843 0 33.5876 -33.5876 0 33.5876 -33.5876 8 28.9162 -37.6843 8
4 16 33.5876 -33.5876 0 37.6843 -28.9162 0 37.6843 -28.9162 8 33.5876 -33.5876 8
4 16 37.6843 -28.9162 0 41.1362 -23.75 0 41.1362 -23.75 8 37.6843 -28.9162 8
4 16 41.1362 -23.75 0 43.8843 -18.1775 0 43.8843 -18.1775 8 41.1362 -23.75 8
4 16 43.8843 -18.1775 0 45.8815 -12.2939 0 45.8815 -12.2939 8 43.8843 -18.1775 8
4 16 45.8815 -12.2939 0 47.0936 -6.2 0 47.0936 -6.2 8 45.8815 -12.2939 8
4 16 47.0936 -6.2 0 47.5 0 0 47.5 0 8 47.0936 -6.2 8
4 16 43.75 0 8 47.5 0 8 47.0936 6.2 8 43.3757 5.7105 8
4 16 43.3757 5.7105 8 47.0936 6.2 8 45.8815 12.2939 8 42.2593 11.3233 8
4 16 42.2593 11.3233 8 45.8815 12.2939 8 43.8843 18.1775 8 40.4197 16.7424 8
4 16 40.4197 16.7424 8 43.8843 18.1775 8 41.1362 23.75 8 37.8886 21.875 8
4 16 37.8886 21.875 8 41.1362 23.75 8 37.6843 28.9162 8 34.7092 26.6333 8
4 16 34.7092 26.6333 8 37.6843 28.9162 8 33.5876 33.5876 8 30.9359 30.9359 8
4 16 30.9359 30.9359 8 33.5876 33.5876 8 28.9162 37.6843 8 26.6333 34.7092 8
4 16 26.6333 34.7092 8 28.9162 37.6843 8 23.75 41.1362 8 21.875 37.8886 8
4 16 21.875 37.8886 8 23.75 41.1362 8 18.1775 43.8843 8 16.7424 40.4197 8
4 16 16.7424 40.4197 8 18.1775 43.8843 8 12.2939 45.8815 8 11.3233 42.2593 8
4 16 11.3233 42.2593 8 12.2939 45.8815 8 6.2 47.0936 8 5.7105 43.3757 8
4 16 5.7105 43.3757 8 6.2 47.0936 8 0 47.5 8 0 43.75 8
4 16 0 43.75 8 0 47.5 8 -6.2 47.0936 8 -5.7105 43.3757 8
4 16 -5.7105 43.3757 8 -6.2 47.0936 8 -12.2939 45.8815 8 -11.3233 42.2593 8
4 16 -11.3233 42.2593 8 -12.2939 45.8815 8 -18.1775 43.8843 8 -16.7424 40.4197 8
4 16 -16.7424 40.4197 8 -18.1775 43.8843 8 -23.75 41.1362 8 -21.875 37.8886 8
4 16 -21.875 37.8886 8 -23.75 41.1362 8 -28.9162 37.6843 8 -26.6333 34.7092 8
4 16 -26.6333 34.7092 8 -28.9162 37.6843 8 -33.5876 33.5876 8 -30.9359 30.9359 8
4 16 -30.9359 30.9359 8 -33.5876 33.5876 8 -37.6843 28.9162 8 -34.7092 26.6333 8
4 16 -34.7092 26.6333 8 -37.6843 28.9162 8 -41.1362 23.75 8 -37.8886 21.875 8
4 16 -37.8886 21.875 8 -41.1362 23.75 8 -43.8843 18.1775 8 -40.4197 16.7424 8
4 16 -40.4197 16.7424 8 -43.8843 18.1775 8 -45.8815 12.2939 8 -42.2593 11.3233 8
4 16 -42.2593 11.3233 8 -45.8815 12.2939 8 -47.0936 6.2 8 -43.3757 5.7105 8
4 16 -43.3757 5.7105 8 -47.0936 6.2 8 -47.5 0 8 -43.75 0 8
4 16 -43.75 0 8 -47.5 0 8 -47.0936 -6.2 8 -43.3757 -5.7105 8
4 16 -43.3757 -5.7105 8 -47.0936 -6.2 8 -45.8815 -12.2939 8 -42.2593 -11.3233 8
4 16 -42.2593 -11.3233 8 -45.8815 -12.2939 8 -43.8843 -18.1775 8 -40.4197 -16.7424 8
4 16 -40.4197 -16.7424 8 -43.8843 -18.1775 8 -41.1362 -23.75 8 -37.8886 -21.875 8
4 16 -37.8886 -21.875 8 -41.1362 -23.75 8 -37.6843 -28.9162 8 -34.7092 -26.6333 8
4 16 -34.7092 -26.6333 8 -37.6843 -28.9162 8 -33.5876 -33.5876 8 -30.9359 -30.9359 8
4 16 -30.9359 -30.9359 8 -33.5876 -33.5876 8 -28.9162 -37.6843 8 -26.6333 -34.7092 8
4 16 -26.6333 -34.7092 8 -28.9162 -37.6843 8 -23.75 -41.1362 8 -21.875 -37.8886 8
4 16 -21.875 -37.8886 8 -23.75 -41.1362 8 -18.1775 -43.8843 8 -16.7424 -40.4197 8
4 16 -16.7424 -40.4197 8 -18.1775 -43.8843 8 -12.2939 -45.8815 8 -11.3233 -42.2593 8
4 16 -11.3233 -42.2593 8 -12.2939 -45.8815 8 -6.2 -47.0936 8 -5.7105 -43.3757 8
4 16 -5.7105 -43.3757 8 -6.2 -47.0936 8 0 -47.5 8 0 -43.75 8
4 16 0 -43.75 8 0 -47.5 8 6.2 -47.0936 8 5.7105 -43.3757 8
4 16 5.7105 -43.3757 8 6.2 -47.0936 8 12.2939 -45.8815 8 11.3233 -42.2593 8
4 16 11.3233 -42.2593 8 12.2939 -45.8815 8 18.1775 -43.8843 8 16.7424 -40.4197 8
4 16 16.7424 -40.4197 8 18.1775 -43.8843 8 23.75 -41.1362 8 21.875 -37.8886 8
4 16 21.875 -37.8886 8 23.75 -41.1362 8 28.9162 -37.6843 8 26.6333 -34.7092 8
4 16 26.6333 -34.7092 8 28.9162 -37.6843 8 33.5876 -33.5876 8 30.9359 -30.9359 8
4 16 30.9359 -30.9359 8 33.5876 -33.5876 8 37.6843 -28.9162 8 34.7092 -26.6333 8
4 16 34.7092 -26.6333 8 37.6843 -28.9162 8 41.1362 -23.75 8 37.8886 -21.875 8
4 16 37.8886 -21.875 8 41.1362 -23.75 8 43.8843 -18.1775 8 40.4197 -16.7424 8
4 16 40.4197 -16.7424 8 43.8843 -18.1775 8 45.8815 -12.2939 8 42.2593 -11.3233 8
4 16 42.2593 -11.3233 8 45.8815 -12.2939 8 47.0936 -6.2 8 43.3757 -5.7105 8
4 16 43.3757 -5.7105 8 47.0936 -6.2 8 47.5 0 8 43.75 0 8
4 16 38 0 0 38 0 3 37.6749 4.96 3 37.6749 4.96 0
4 16 37.6749 4.96 0 37.6749 4.96 3 36.7052 9.8351 3 36.7052 9.8351 0
4 16 36.7052 9.8351 0 36.7052 9.8351 3 35.1074 14.542 3 35.1074 14.542 0
4 16 35.1074 14.542 0 35.1074 14.542 3 32.909 19 3 32.909 19 0
4 16 32.909 19 0 32.909 19 3 30.1474 23.1329 3 30.1474 23.1329 0
4 16 30.1474 23.1329 0 30.1474 23.1329 3 26.8701 26.8701 3 26.8701 26.8701 0
4 16 26.8701 26.8701 0 26.8701 26.8701 3 23.1329 30.1474 3 23.1329 30.1474 0
4 16 23.1329 30.1474 0 23.1329 30.1474 3 19 32.909 3 19 32.909 0
4 16 19 32.909 0 19 32.909 3 14.542 35.1074 3 14.542 35.1074 0
4 16 14.542 35.1074 0 14.542 35.1074 3 9.8351 36.7052 3 9.8351 36.7052 0
4 16 9.8351 36.7052 0 9.8351 36.7052 3 4.96 37.6749 3 4.96 37.6749 0
4 16 4.96 37.6749 0 4.96 37.6749 3 0 38 3 0 38 0
4 16 0 38 0 0 38 3 -4.96 37.6749 3 -4.96 37.6749 0
4 16 -4.96 37.6749 0 -4.96 37.6749 3 -9.8351 36.7052 3 -9.8351 36.7052 0
4 16 -9.8351 36.7052 0 -9.8351 36.7052 3 -14.542 35.1074 3 -14.542 35.1074 0
4 16 -14.542 35.1074 0 -14.542 35.1074 3 -19 32.909 3 -19 32.909 0
4 16 -19 32.909 0 -19 32.909 3 -23.1329 30.1474 3 -23.1329 30.1474 0
4 16 -23.1329 30.1474 0 -23.1329 30.1474 3 -26.8701 26.8701 3 -26.8701 26.8701 0
4 16 -26.8701 26.8701 0 -26.8701 26.8701 3 -30.1474 23.1329 3 -30.1474 23.1329 0
4 16 -30.1474 23.1329 0 -30.1474 23.1329 3 -32.909 19 3 -32.909 19 0
4 16 -32.909 19 0 -32.909 19 3 -35.1074 14.542 3 -35.1074 14.542 0
4 16 -35.1074 14.542 0 -35.1074 14.542 3 -36.7052 9.8351 3 -36.7052 9.8351 0
4 16 -36.7052 9.8351 0 -36.7052 9.8351 3 -37.6749 4.96 3 -37.6749 4.96 0
4 16 -37.6749 4.96 0 -37.6749 4.96 3 -38 0 3 -38 0 0
4 16 -38 0 0 -38 0 3 -37.6749 -4.96 3 -37.6749 -4.96 0
4 16 -37.6749 -4.96 0 -37.6749 -4.96 3 -36.7052 -9.8351 3 -36.7052 -9.8351 0
4 16 -36.7052 -9.8351 0 -36.7052 -9.8351 3 -35.1074 -14.542 3 -35.1074 -14.542 0
4 16 -35.1074 -14.542 0 -35.1074 -14.542 3 -32.909 -19 3 -32.909 -19 0
4 16 -32.909 -19 0 -32.909 -19 3 -30.1474 -23.1329 3 -30.1474 -23.1329 0
4 16 -30.1474 -23.1329 0 -30.1474 -23.1329 3 -26.8701 -26.8701 3 -26.8701 -26.8701 0
4 16 -26.8701 -26.8701 0 -26.8701 -26.8701 3 -23.1329 -30.1474 3 -23.1329 -30.1474 0
4 16 -23.1329 -30.1474 0 -23.1329 -30.1474 3 -19 -32.909 3 -19 -32.909 0
4 16 -19 -32.909 0 -19 -32.909 3 -14.542 -35.1074 3 -14.542 -35.1074 0
4 16 -14.542 -35.1074 0 -14.542 -35.1074 3 -9.8351 -36.7052 3 -9.8351 -36.7052 0
4 16 -9.8351 -36.7052 0 -9.8351 -36.7052 3 -4.96 -37.6749 3 -4.96 -37.6749 0
4 16 -4.96 -37.6749 0 -4.96 -37.6749 3 0 -38 3 0 -38 0
4 16 0 -38 0 0 -38 3 4.96 -37.6749 3 4.96 -37.6749 0
4 16 4.96 -37.6749 0 4.96 -37.6749 3 9.8351 -36.7052 3 9.8351 -36.7052 0
4 16 9.8351 -36.7052 0 9.8351 -36.7052 3 14.542 -35.1074 3 14.542 -35.1074 0
4 16 14.542 -35.1074 0 14.542 -35.1074 3 19 -32.909 3 19 -32.909 0
4 16 19 -32.909 0 19 -32.909 3 23.1329 -30.1474 3 23.1329 -30.1474 0
4 16 23.1329 -30.1474 0 23.1329 -30.1474 3 26.8701 -26.8701 3 26.8701 -26.8701 0
4 16 26.8701 -26.8701 0 26.8701 -26.8701 3 30.1474 -23.1329 3 30.1474 -23.1329 0
4 16 30.1474 -23.1329 0 30.1474 -23.1329 3 32.909 -19 3 32.909 -19 0
4 16 32.909 -19 0 32.909 -19 3 35.1074 -14.542 3 35.1074 -14.542 0
4 16 35.1074 -14.542 0 35.1074 -14.542 3 36.7052 -9.8351 3 36.7052 -9.8351 0
4 16 36.7052 -9.8351 0 36.7052 -9.8351 3 37.6749 -4.96 3 37.6749 -4.96 0
4 16 37.6749 -4.96 0 37.6749 -4.96 3 38 0 3 38 0 0

0 // white dial
3 15 0 0 3 37.6749 4.96 3 38 0 3
3 15 0 0 3 36.7052 9.8351 3 37.6749 4.96 3
3 15 0 0 3 35.1074 14.542 3 36.7052 9.8351 3
3 15 0 0 3 32.909 19 3 35.1074 14.542 3
3 15 0 0 3 30.1474 23.1329 3 32.909 19 3
3 15 0 0 3 26.8701 26.8701 3 30.1474 23.1329 3
3 15 0 0 3 23.1329 30.1474 3 26.8701 26.8701 3
3 15 0 0 3 19 32.909 3 23.1329 30.1474 3
3 15 0 0 3 14.542 35.1074 3 19 32.909 3
3 15 0 0 3 9.8351 36.7052 3 14.542 35.1074 3
3 15 0 0 3 4.96 37.6749 3 9.8351 36.7052 3
3 15 0 0 3 0 38 3 4.96 37.6749 3
3 15 0 0 3 -4.96 37.6749 3 0 38 3
3 15 0 0 3 -9.8351 36.7052 3 -4.96 37.6749 3
3 15 0 0 3 -14.542 35.1074 3 -9.8351 36.7052 3
3 15 0 0 3 -19 32.909 3 -14.542 35.1074 3
3 15 0 0 3 -23.1329 30.1474 3 -19 32.909 3
3 15 0 0 3 -26.8701 26.8701 3 -23.1329 30.1474 3
3 15 0 0 3 -30.1474 23.1329 3 -26.8701 26.8701 3
3 15 0 0 3 -32.909 19 3 -30.1474 23.1329 3
3 15 0 0 3 -35.1074 14.542 3 -32.909 19 3
3 15 0 0 3 -36.7052 9.8351 3 -35.1074 14.542 3
3 15 0 0 3 -37.6749 4.96 3 -36.7052 9.8351 3
3 15 0 0 3 -38 0 3 -37.6749 4.96 3
3 15 0 0 3 -37.6749 -4.96 3 -38 0 3
3 15 0 0 3 -36.7052 -9.8351 3 -37.6749 -4.96 3
3 15 0 0 3 -35.1074 -14.542 3 -36.7052 -9.8351 3
3 15 0 0 3 -32.909 -19 3 -35.1074 -14.542 3
3 15 0 0 3 -30.1474 -23.1329 3 -32.909 -19 3
3 15 0 0 3 -26.8701 -26.8701 3 -30.1474 -23.1329 3
3 15 0 0 3 -23.1329 -30.1474 3 -26.8701 -26.8701 3
3 15 0 0 3 -19 -32.909 3 -23.1329 -30.1474 3
3 15 0 0 3 -14.542 -35.1074 3 -19 -32.909 3
3 15 0 0 3 -9.8351 -36.7052 3 -14.542 -35.1074 3
3 15 0 0 3 -4.96 -37.6749 3 -9.8351 -36.7052 3
3 15 0 0 3 0 -38 3 -4.96 -37.6749 3
3 15 0 0 3 4.96 -37.6749 3 0 -38 3
3 15 0 0 3 9.8351 -36.7052 3 4.96 -37.6749 3
3 15 0 0 3 14.542 -35.1074 3 9.8351 -36.7052 3
3 15 0 0 3 19 -32.909 3 14.542 -35.1074 3
3 15 0 0 3 23.1329 -30.1474 3 19 -32.909 3
3 15 0 0 3 26.8701 -26.8701 3 23.1329 -30.1474 3
3 15 0 0 3 30.1474 -23.1329 3 26.8701 -26.8701 3
3 15 0 0 3 32.909 -19 3 30.1474 -23.1329 3
3 15 0 0 3 35.1074 -14.542 3 32.909 -19 3
3 15 0 0 3 36.7052 -9.8351 3 35.1074 -14.542 3
3 15 0 0 3 37.6749 -4.96 3 36.7052 -9.8351 3
3 15 0 0 3 38 0 3 37.6749 -4.96 3

0 // hour marks, a hair in front of the dial (longer at 12, 3, 6 and 9)
4 0 2.2 -26 2.7 2.2 -35.5 2.7 -2.2 -35.5 2.7 -2.2 -26 2.7
4 0 16.0392 -25.3808 2.7 18.7892 -30.1439 2.7 16.7108 -31.3439 2.7 13.9608 -26.5808 2.7
4 0 26.5808 -13.9608 2.7 31.3439 -16.7108 2.7 30.1439 -18.7892 2.7 25.3808 -16.0392 2.7
4 0 26 2.2 2.7 35.5 2.2 2.7 35.5 -2.2 2.7 26 -2.2 2.7
4 0 25.3808 16.0392 2.7 30.1439 18.7892 2.7 31.3439 16.7108 2.7 26.5808 13.9608 2.7
4 0 13.9608 26.5808 2.7 16.7108 31.3439 2.7 18.7892 30.1439 2.7 16.0392 25.3808 2.7
4 0 -2.2 26 2.7 -2.2 35.5 2.7 2.2 35.5 2.7 2.2 26 2.7
4 0 -16.0392 25.3808 2.7 -18.7892 30.1439 2.7 -16.7108 31.3439 2.7 -13.9608 26.5808 2.7
4 0 -26.5808 13.9608 2.7 -31.3439 16.7108 2.7 -30.1439 18.7892 2.7 -25.3808 16.0392 2.7
4 0 -26 -2.2 2.7 -35.5 -2.2 2.7 -35.5 2.2 2.7 -26 2.2 2.7
4 0 -25.3808 -16.0392 2.7 -30.1439 -18.7892 2.7 -31.3439 -16.7108 2.7 -26.5808 -13.9608 2.7
4 0 -13.9608 -26.5808 2.7 -16.7108 -31.3439 2.7 -18.7892 -30.1439 2.7 -16.0392 -25.3808 2.7

0 // centre post the hands sit on
4 0 1.5 0 0.2 1.4872 0.1958 0.2 1.4872 0.1958 3 1.5 0 3
4 0 1.4872 0.1958 0.2 1.4489 0.3882 0.2 1.4489 0.3882 3 1.4872 0.1958 3
4 0 1.4489 0.3882 0.2 1.3858 0.574 0.2 1.3858 0.574 3 1.4489 0.3882 3
4 0 1.3858 0.574 0.2 1.299 0.75 0.2 1.299 0.75 3 1.3858 0.574 3
4 0 1.299 0.75 0.2 1.19 0.9131 0.2 1.19 0.9131 3 1.299 0.75 3
4 0 1.19 0.9131 0.2 1.0607 1.0607 0.2 1.0607 1.0607 3 1.19 0.9131 3
4 0 1.0607 1.0607 0.2 0.9131 1.19 0.2 0.9131 1.19 3 1.0607 1.0607 3
4 0 0.9131 1.19 0.2 0.75 1.299 0.2 0.75 1.299 3 0.9131 1.19 3
4 0 0.75 1.299 0.2 0.574 1.3858 0.2 0.574 1.3858 3 0.75 1.299 3
4 0 0.574 1.3858 0.2 0.3882 1.4489 0.2 0.3882 1.4489 3 0.574 1.3858 3
4 0 0.3882 1.4489 0.2 0.1958 1.4872 0.2 0.1958 1.4872 3 0.3882 1.4489 3
4 0 0.1958 1.4872 0.2 0 1.5 0.2 0 1.5 3 0.1958 1.4872 3
4 0 0 1.5 0.2 -0.1958 1.4872 0.2 -0.1958 1.4872 3 0 1.5 3
4 0 -0.1958 1.4872 0.2 -0.3882 1.4489 0.2 -0.3882 1.4489 3 -0.1958 1.4872 3
4 0 -0.3882 1.4489 0.2 -0.574 1.3858 0.2 -0.574 1.3858 3 -0.3882 1.4489 3
4 0 -0.574 1.3858 0.2 -0.75 1.299 0.2 -0.75 1.299 3 -0.574 1.3858 3
4 0 -0.75 1.299 0.2 -0.9131 1.19 0.2 -0.9131 1.19 3 -0.75 1.299 3
4 0 -0.9131 1.19 0.2 -1.0607 1.0607 0.2 -1.0607 1.0607 3 -0.9131 1.19 3
4 0 -1.0607 1.0607 0.2 -1.19 0.9131 0.2 -1.19 0.9131 3 -1.0607 1.0607 3
4 0 -1.19 0.9131 0.2 -1.299 0.75 0.2 -1.299 0.75 3 -1.19 0.9131 3
4 0 -1.299 0.75 0.2 -1.3858 0.574 0.2 -1.3858 0.574 3 -1.299 0.75 3
4 0 -1.3858 0.574 0.2 -1.4489 0.3882 0.2 -1.4489 0.3882 3 -1.3858 0.574 3
4 0 -1.4489 0.3882 0.2 -1.4872 0.1958 0.2 -1.4872 0.1958 3 -1.4489 0.3882 3
4 0 -1.4872 0.1958 0.2 -1.5 0 0.2 -1.5 0 3 -1.4872 0.1958 3
4 0 -1.5 0 0.2 -1.4872 -0.1958 0.2 -1.4872 -0.1958 3 -1.5 0 3
4 0 -1.4872 -0.1958 0.2 -1.4489 -0.3882 0.2 -1.4489 -0.3882 3 -1.4872 -0.1958 3
4 0 -1.4489 -0.3882 0.2 -1.3858 -0.574 0.2 -1.3858 -0.574 3 -1.4489 -0.3882 3
4 0 -1.3858 -0.574 0.2 -1.299 -0.75 0.2 -1.299 -0.75 3 -1.3858 -0.574 3
4 0 -1.299 -0.75 0.2 -1.19 -0.9131 0.2 -1.19 -0.9131 3 -1.299 -0.75 3
4 0 -1.19 -0.9131 0.2 -1.0607 -1.0607 0.2 -1.0607 -1.0607 3 -1.19 -0.9131 3
4 0 -1.0607 -1.0607 0.2 -0.9131 -1.19 0.2 -0.9131 -1.19 3 -1.0607 -1.0607 3
4 0 -0.9131 -1.19 0.2 -0.75 -1.299 0.2 -0.75 -1.299 3 -0.9131 -1.19 3
4 0 -0.75 -1.299 0.2 -0.574 -1.3858 0.2 -0.574 -1.3858 3 -0.75 -1.299 3
4 0 -0.574 -1.3858 0.2 -0.3882 -1.4489 0.2 -0.3882 -1.4489 3 -0.574 -1.3858 3
4 0 -0.3882 -1.4489 0.2 -0.1958 -1.4872 0.2 -0.1958 -1.4872 3 -0.3882 -1.4489 3
4 0 -0.1958 -1.4872 0.2 0 -1.5 0.2 0 -1.5 3 -0.1958 -1.4872 3
4 0 0 -1.5 0.2 0.1958 -1.4872 0.2 0.1958 -1.4872 3 0 -1.5 3
4 0 0.1958 -1.4872 0.2 0.3882 -1.4489 0.2 0.3882 -1.4489 3 0.1958 -1.4872 3
4 0 0.3882 -1.4489 0.2 0.574 -1.3858 0.2 0.574 -1.3858 3 0.3882 -1.4489 3
4 0 0.574 -1.3858 0.2 0.75 -1.299 0.2 0.75 -1.299 3 0.574 -1.3858 3
4 0 0.75 -1.299 0.2 0.9131 -1.19 0.2 0.9131 -1.19 3 0.75 -1.299 3
4 0 0.9131 -1.19 0.2 1.0607 -1.0607 0.2 1.0607 -1.0607 3 0.9131 -1.19 3
4 0 1.0607 -1.0607 0.2 1.19 -0.9131 0.2 1.19 -0.9131 3 1.0607 -1.0607 3
4 0 1.19 -0.9131 0.2 1.299 -0.75 0.2 1.299 -0.75 3 1.19 -0.9131 3
4 0 1.299 -0.75 0.2 1.3858 -0.574 0.2 1.3858 -0.574 3 1.299 -0.75 3
4 0 1.3858 -0.574 0.2 1.4489 -0.3882 0.2 1.4489 -0.3882 3 1.3858 -0.574 3
4 0 1.4489 -0.3882 0.2 1.4872 -0.1958 0.2 1.4872 -0.1958 3 1.4489 -0.3882 3
4 0 1.4872 -0.1958 0.2 1.5 0 0.2 1.5 0 3 1.4872 -0.1958 3
3 0 0 0 0.2 1.4872 0.1958 0.2 1.5 0 0.2
3 0 0 0 0.2 1.4489 0.3882 0.2 1.4872 0.1958 0.2
3 0 0 0 0.2 1.3858 0.574 0.2 1.4489 0.3882 0.2
3 0 0 0 0.2 1.299 0.75 0.2 1.3858 0.574 0.2
3 0 0 0 0.2 1.19 0.9131 0.2 1.299 0.75 0.2
3 0 0 0 0.2 1.0607 1.0607 0.2 1.19 0.9131 0.2
3 0 0 0 0.2 0.9131 1.19 0.2 1.0607 1.0607 0.2
3 0 0 0 0.2 0.75 1.299 0.2 0.9131 1.19 0.2
3 0 0 0 0.2 0.574 1.3858 0.2 0.75 1.299 0.2
3 0 0 0 0.2 0.3882 1.4489 0.2 0.574 1.3858 0.2
3 0 0 0 0.2 0.1958 1.4872 0.2 0.3882 1.4489 0.2
3 0 0 0 0.2 0 1.5 0.2 0.1958 1.4872 0.2
3 0 0 0 0.2 -0.1958 1.4872 0.2 0 1.5 0.2
3 0 0 0 0.2 -0.3882 1.4489 0.2 -0.1958 1.4872 0.2
3 0 0 0 0.2 -0.574 1.3858 0.2 -0.3882 1.4489 0.2
3 0 0 0 0.2 -0.75 1.299 0.2 -0.574 1.3858 0.2
3 0 0 0 0.2 -0.9131 1.19 0.2 -0.75 1.299 0.2
3 0 0 0 0.2 -1.0607 1.0607 0.2 -0.9131 1.19 0.2
3 0 0 0 0.2 -1.19 0.9131 0.2 -1.0607 1.0607 0.2
3 0 0 0 0.2 -1.299 0.75 0.2 -1.19 0.9131 0.2
3 0 0 0 0.2 -1.3858 0.574 0.2 -1.299 0.75 0.2
3 0 0 0 0.2 -1.4489 0.3882 0.2 -1.3858 0.574 0.2
3 0 0 0 0.2 -1.4872 0.1958 0.2 -1.4489 0.3882 0.2
3 0 0 0 0.2 -1.5 0 0.2 -1.4872 0.1958 0.2
3 0 0 0 0.2 -1.4872 -0.1958 0.2 -1.5 0 0.2
3 0 0 0 0.2 -1.4489 -0.3882 0.2 -1.4872 -0.1958 0.2
3 0 0 0 0.2 -1.3858 -0.574 0.2 -1.4489 -0.3882 0.2
3 0 0 0 0.2 -1.299 -0.75 0.2 -1.3858 -0.574 0.2
3 0 0 0 0.2 -1.19 -0.9131 0.2 -1.299 -0.75 0.2
3 0 0 0 0.2 -1.0607 -1.0607 0.2 -1.19 -0.9131 0.2
3 0 0 0 0.2 -0.9131 -1.19 0.2 -1.0607 -1.0607 0.2
3 0 0 0 0.2 -0.75 -1.299 0.2 -0.9131 -1.19 0.2
3 0 0 0 0.2 -0.574 -1.3858 0.2 -0.75 -1.299 0.2
3 0 0 0 0.2 -0.3882 -1.4489 0.2 -0.574 -1.3858 0.2
3 0 0 0 0.2 -0.1958 -1.4872 0.2 -0.3882 -1.4489 0.2
3 0 0 0 0.2 0 -1.5 0.2 -0.1958 -1.4872 0.2
3 0 0 0 0.2 0.1958 -1.4872 0.2 0 -1.5 0.2
3 0 0 0 0.2 0.3882 -1.4489 0.2 0.1958 -1.4872 0.2
3 0 0 0 0.2 0.574 -1.3858 0.2 0.3882 -1.4489 0.2
3 0 0 0 0.2 0.75 -1.299 0.2 0.574 -1.3858 0.2
3 0 0 0 0.2 0.9131 -1.19 0.2 0.75 -1.299 0.2
3 0 0 0 0.2 1.0607 -1.0607 0.2 0.9131 -1.19 0.2
3 0 0 0 0.2 1.19 -0.9131 0.2 1.0607 -1.0607 0.2
3 0 0 0 0.2 1.299 -0.75 0.2 1.19 -0.9131 0.2
3 0 0 0 0.2 1.3858 -0.574 0.2 1.299 -0.75 0.2
3 0 0 0 0.2 1.4489 -0.3882 0.2 1.3858 -0.574 0.2
3 0 0 0 0.2 1.4872 -0.1958 0.2 1.4489 -0.3882 0.2
3 0 0 0 0.2 1.5 0 0.2 1.4872 -0.1958 0.2

0 // movement body, back, setting knob
4 16 43.75 0 8 43.3757 5.7105 8 43.3757 5.7105 44 43.75 0 44
4 16 43.3757 5.7105 8 42.2593 11.3233 8 42.2593 11.3233 44 43.3757 5.7105 44
4 16 42.2593 11.3233 8 40.4197 16.7424 8 40.4197 16.7424 44 42.2593 11.3233 44
4 16 40.4197 16.7424 8 37.8886 21.875 8 37.8886 21.875 44 40.4197 16.7424 44
4 16 37.8886 21.875 8 34.7092 26.6333 8 34.7092 26.6333 44 37.8886 21.875 44
4 16 34.7092 26.6333 8 30.9359 30.9359 8 30.9359 30.9359 44 34.7092 26.6333 44
4 16 30.9359 30.9359 8 26.6333 34.7092 8 26.6333 34.7092 44 30.9359 30.9359 44
4 16 26.6333 34.7092 8 21.875 37.8886 8 21.875 37.8886 44 26.6333 34.7092 44
4 16 21.875 37.8886 8 16.7424 40.4197 8 16.7424 40.4197 44 21.875 37.8886 44
4 16 16.7424 40.4197 8 11.3233 42.2593 8 11.3233 42.2593 44 16.7424 40.4197 44
4 16 11.3233 42.2593 8 5.7105 43.3757 8 5.7105 43.3757 44 11.3233 42.2593 44
4 16 5.7105 43.3757 8 0 43.75 8 0 43.75 44 5.7105 43.3757 44
4 16 0 43.75 8 -5.7105 43.3757 8 -5.7105 43.3757 44 0 43.75 44
4 16 -5.7105 43.3757 8 -11.3233 42.2593 8 -11.3233 42.2593 44 -5.7105 43.3757 44
4 16 -11.3233 42.2593 8 -16.7424 40.4197 8 -16.7424 40.4197 44 -11.3233 42.2593 44
4 16 -16.7424 40.4197 8 -21.875 37.8886 8 -21.875 37.8886 44 -16.7424 40.4197 44
4 16 -21.875 37.8886 8 -26.6333 34.7092 8 -26.6333 34.7092 44 -21.875 37.8886 44
4 16 -26.6333 34.7092 8 -30.9359 30.9359 8 -30.9359 30.9359 44 -26.6333 34.7092 44
4 16 -30.9359 30.9359 8 -34.7092 26.6333 8 -34.7092 26.6333 44 -30.9359 30.9359 44
4 16 -34.7092 26.6333 8 -37.8886 21.875 8 -37.8886 21.875 44 -34.7092 26.6333 44
4 16 -37.8886 21.875 8 -40.4197 16.7424 8 -40.4197 16.7424 44 -37.8886 21.875 44
4 16 -40.4197 16.7424 8 -42.2593 11.3233 8 -42.2593 11.3233 44 -40.4197 16.7424 44
4 16 -42.2593 11.3233 8 -43.3757 5.7105 8 -43.3757 5.7105 44 -42.2593 11.3233 44
4 16 -43.3757 5.7105 8 -43.75 0 8 -43.75 0 44 -43.3757 5.7105 44
4 16 -43.75 0 8 -43.3757 -5.7105 8 -43.3757 -5.7105 44 -43.75 0 44
4 16 -43.3757 -5.7105 8 -42.2593 -11.3233 8 -42.2593 -11.3233 44 -43.3757 -5.7105 44
4 16 -42.2593 -11.3233 8 -40.4197 -16.7424 8 -40.4197 -16.7424 44 -42.2593 -11.3233 44
4 16 -40.4197 -16.7424 8 -37.8886 -21.875 8 -37.8886 -21.875 44 -40.4197 -16.7424 44
4 16 -37.8886 -21.875 8 -34.7092 -26.6333 8 -34.7092 -26.6333 44 -37.8886 -21.875 44
4 16 -34.7092 -26.6333 8 -30.9359 -30.9359 8 -30.9359 -30.9359 44 -34.7092 -26.6333 44
4 16 -30.9359 -30.9359 8 -26.6333 -34.7092 8 -26.6333 -34.7092 44 -30.9359 -30.9359 44
4 16 -26.6333 -34.7092 8 -21.875 -37.8886 8 -21.875 -37.8886 44 -26.6333 -34.7092 44
4 16 -21.875 -37.8886 8 -16.7424 -40.4197 8 -16.7424 -40.4197 44 -21.875 -37.8886 44
4 16 -16.7424 -40.4197 8 -11.3233 -42.2593 8 -11.3233 -42.2593 44 -16.7424 -40.4197 44
4 16 -11.3233 -42.2593 8 -5.7105 -43.3757 8 -5.7105 -43.3757 44 -11.3233 -42.2593 44
4 16 -5.7105 -43.3757 8 0 -43.75 8 0 -43.75 44 -5.7105 -43.3757 44
4 16 0 -43.75 8 5.7105 -43.3757 8 5.7105 -43.3757 44 0 -43.75 44
4 16 5.7105 -43.3757 8 11.3233 -42.2593 8 11.3233 -42.2593 44 5.7105 -43.3757 44
4 16 11.3233 -42.2593 8 16.7424 -40.4197 8 16.7424 -40.4197 44 11.3233 -42.2593 44
4 16 16.7424 -40.4197 8 21.875 -37.8886 8 21.875 -37.8886 44 16.7424 -40.4197 44
4 16 21.875 -37.8886 8 26.6333 -34.7092 8 26.6333 -34.7092 44 21.875 -37.8886 44
4 16 26.6333 -34.7092 8 30.9359 -30.9359 8 30.9359 -30.9359 44 26.6333 -34.7092 44
4 16 30.9359 -30.9359 8 34.7092 -26.6333 8 34.7092 -26.6333 44 30.9359 -30.9359 44
4 16 34.7092 -26.6333 8 37.8886 -21.875 8 37.8886 -21.875 44 34.7092 -26.6333 44
4 16 37.8886 -21.875 8 40.4197 -16.7424 8 40.4197 -16.7424 44 37.8886 -21.875 44
4 16 40.4197 -16.7424 8 42.2593 -11.3233 8 42.2593 -11.3233 44 40.4197 -16.7424 44
4 16 42.2593 -11.3233 8 43.3757 -5.7105 8 43.3757 -5.7105 44 42.2593 -11.3233 44
4 16 43.3757 -5.7105 8 43.75 0 8 43.75 0 44 43.3757 -5.7105 44
4 16 6 0 44 43.75 0 44 43.3757 5.7105 44 5.9487 0.7832 44
4 16 5.9487 0.7832 44 43.3757 5.7105 44 42.2593 11.3233 44 5.7956 1.5529 44
4 16 5.7956 1.5529 44 42.2593 11.3233 44 40.4197 16.7424 44 5.5433 2.2961 44
4 16 5.5433 2.2961 44 40.4197 16.7424 44 37.8886 21.875 44 5.1962 3 44
4 16 5.1962 3 44 37.8886 21.875 44 34.7092 26.6333 44 4.7601 3.6526 44
4 16 4.7601 3.6526 44 34.7092 26.6333 44 30.9359 30.9359 44 4.2426 4.2426 44
4 16 4.2426 4.2426 44 30.9359 30.9359 44 26.6333 34.7092 44 3.6526 4.7601 44
4 16 3.6526 4.7601 44 26.6333 34.7092 44 21.875 37.8886 44 3 5.1962 44
4 16 3 5.1962 44 21.875 37.8886 44 16.7424 40.4197 44 2.2961 5.5433 44
4 16 2.2961 5.5433 44 16.7424 40.4197 44 11.3233 42.2593 44 1.5529 5.7956 44
4 16 1.5529 5.7956 44 11.3233 42.2593 44 5.7105 43.3757 44 0.7832 5.9487 44
4 16 0.7832 5.9487 44 5.7105 43.3757 44 0 43.75 44 0 6 44
4 16 0 6 44 0 43.75 44 -5.7105 43.3757 44 -0.7832 5.9487 44
4 16 -0.7832 5.9487 44 -5.7105 43.3757 44 -11.3233 42.2593 44 -1.5529 5.7956 44
4 16 -1.5529 5.7956 44 -11.3233 42.2593 44 -16.7424 40.4197 44 -2.2961 5.5433 44
4 16 -2.2961 5.5433 44 -16.7424 40.4197 44 -21.875 37.8886 44 -3 5.1962 44
4 16 -3 5.1962 44 -21.875 37.8886 44 -26.6333 34.7092 44 -3.6526 4.7601 44
4 16 -3.6526 4.7601 44 -26.6333 34.7092 44 -30.9359 30.9359 44 -4.2426 4.2426 44
4 16 -4.2426 4.2426 44 -30.9359 30.9359 44 -34.7092 26.6333 44 -4.7601 3.6526 44
4 16 -4.7601 3.6526 44 -34.7092 26.6333 44 -37.8886 21.875 44 -5.1962 3 44
4 16 -5.1962 3 44 -37.8886 21.875 44 -40.4197 16.7424 44 -5.5433 2.2961 44
4 16 -5.5433 2.2961 44 -40.4197 16.7424 44 -42.2593 11.3233 44 -5.7956 1.5529 44
4 16 -5.7956 1.5529 44 -42.2593 11.3233 44 -43.3757 5.7105 44 -5.9487 0.7832 44
4 16 -5.9487 0.7832 44 -43.3757 5.7105 44 -43.75 0 44 -6 0 44
4 16 -6 0 44 -43.75 0 44 -43.3757 -5.7105 44 -5.9487 -0.7832 44
4 16 -5.9487 -0.7832 44 -43.3757 -5.7105 44 -42.2593 -11.3233 44 -5.7956 -1.5529 44
4 16 -5.7956 -1.5529 44 -42.2593 -11.3233 44 -40.4197 -16.7424 44 -5.5433 -2.2961 44
4 16 -5.5433 -2.2961 44 -40.4197 -16.7424 44 -37.8886 -21.875 44 -5.1962 -3 44
4 16 -5.1962 -3 44 -37.8886 -21.875 44 -34.7092 -26.6333 44 -4.7601 -3.6526 44
4 16 -4.7601 -3.6526 44 -34.7092 -26.6333 44 -30.9359 -30.9359 44 -4.2426 -4.2426 44
4 16 -4.2426 -4.2426 44 -30.9359 -30.9359 44 -26.6333 -34.7092 44 -3.6526 -4.7601 44
4 16 -3.6526 -4.7601 44 -26.6333 -34.7092 44 -21.875 -37.8886 44 -3 -5.1962 44
4 16 -3 -5.1962 44 -21.875 -37.8886 44 -16.7424 -40.4197 44 -2.2961 -5.5433 44
4 16 -2.2961 -5.5433 44 -16.7424 -40.4197 44 -11.3233 -42.2593 44 -1.5529 -5.7956 44
4 16 -1.5529 -5.7956 44 -11.3233 -42.2593 44 -5.7105 -43.3757 44 -0.7832 -5.9487 44
4 16 -0.7832 -5.9487 44 -5.7105 -43.3757 44 0 -43.75 44 0 -6 44
4 16 0 -6 44 0 -43.75 44 5.7105 -43.3757 44 0.7832 -5.9487 44
4 16 0.7832 -5.9487 44 5.7105 -43.3757 44 11.3233 -42.2593 44 1.5529 -5.7956 44
4 16 1.5529 -5.7956 44 11.3233 -42.2593 44 16.7424 -40.4197 44 2.2961 -5.5433 44
4 16 2.2961 -5.5433 44 16.7424 -40.4197 44 21.875 -37.8886 44 3 -5.1962 44
4 16 3 -5.1962 44 21.875 -37.8886 44 26.6333 -34.7092 44 3.6526 -4.7601 44
4 16 3.6526 -4.7601 44 26.6333 -34.7092 44 30.9359 -30.9359 44 4.2426 -4.2426 44
4 16 4.2426 -4.2426 44 30.9359 -30.9359 44 34.7092 -26.6333 44 4.7601 -3.6526 44
4 16 4.7601 -3.6526 44 34.7092 -26.6333 44 37.8886 -21.875 44 5.1962 -3 44
4 16 5.1962 -3 44 37.8886 -21.875 44 40.4197 -16.7424 44 5.5433 -2.2961 44
4 16 5.5433 -2.2961 44 40.4197 -16.7424 44 42.2593 -11.3233 44 5.7956 -1.5529 44
4 16 5.7956 -1.5529 44 42.2593 -11.3233 44 43.3757 -5.7105 44 5.9487 -0.7832 44
4 16 5.9487 -0.7832 44 43.3757 -5.7105 44 43.75 0 44 6 0 44
4 16 6 0 44 5.9487 0.7832 44 5.9487 0.7832 50 6 0 50
4 16 5.9487 0.7832 44 5.7956 1.5529 44 5.7956 1.5529 50 5.9487 0.7832 50
4 16 5.7956 1.5529 44 5.5433 2.2961 44 5.5433 2.2961 50 5.7956 1.5529 50
4 16 5.5433 2.2961 44 5.1962 3 44 5.1962 3 50 5.5433 2.2961 50
4 16 5.1962 3 44 4.7601 3.6526 44 4.7601 3.6526 50 5.1962 3 50
4 16 4.7601 3.6526 44 4.2426 4.2426 44 4.2426 4.2426 50 4.7601 3.6526 50
4 16 4.2426 4.2426 44 3.6526 4.7601 44 3.6526 4.7601 50 4.2426 4.2426 50
4 16 3.6526 4.7601 44 3 5.1962 44 3 5.1962 50 3.6526 4.7601 50
4 16 3 5.1962 44 2.2961 5.5433 44 2.2961 5.5433 50 3 5.1962 50
4 16 2.2961 5.5433 44 1.5529 5.7956 44 1.5529 5.7956 50 2.2961 5.5433 50
4 16 1.5529 5.7956 44 0.7832 5.9487 44 0.7832 5.9487 50 1.5529 5.7956 50
4 16 0.7832 5.9487 44 0 6 44 0 6 50 0.7832 5.9487 50
4 16 0 6 44 -0.7832 5.9487 44 -0.7832 5.9487 50 0 6 50
4 16 -0.7832 5.9487 44 -1.5529 5.7956 44 -1.5529 5.7956 50 -0.7832 5.9487 50
4 16 -1.5529 5.7956 44 -2.2961 5.5433 44 -2.2961 5.5433 50 -1.5529 5.7956 50
4 16 -2.2961 5.5433 44 -3 5.1962 44 -3 5.1962 50 -2.2961 5.5433 50
4 16 -3 5.1962 44 -3.6526 4.7601 44 -3.6526 4.7601 50 -3 5.1962 50
4 16 -3.6526 4.7601 44 -4.2426 4.2426 44 -4.2426 4.2426 50 -3.6526 4.7601 50
4 16 -4.2426 4.2426 44 -4.7601 3.6526 44 -4.7601 3.6526 50 -4.2426 4.2426 50
4 16 -4.7601 3.6526 44 -5.1962 3 44 -5.1962 3 50 -4.7601 3.6526 50
4 16 -5.1962 3 44 -5.5433 2.2961 44 -5.5433 2.2961 50 -5.1962 3 50
4 16 -5.5433 2.2961 44 -5.7956 1.5529 44 -5.7956 1.5529 50 -5.5433 2.2961 50
4 16 -5.7956 1.5529 44 -5.9487 0.7832 44 -5.9487 0.7832 50 -5.7956 1.5529 50
4 16 -5.9487 0.7832 44 -6 0 44 -6 0 50 -5.9487 0.7832 50
4 16 -6 0 44 -5.9487 -0.7832 44 -5.9487 -0.7832 50 -6 0 50
4 16 -5.9487 -0.7832 44 -5.7956 -1.5529 44 -5.7956 -1.5529 50 -5.9487 -0.7832 50
4 16 -5.7956 -1.5529 44 -5.5433 -2.2961 44 -5.5433 -2.2961 50 -5.7956 -1.5529 50
4 16 -5.5433 -2.2961 44 -5.1962 -3 44 -5.1962 -3 50 -5.5433 -2.2961 50
4 16 -5.1962 -3 44 -4.7601 -3.6526 44 -4.7601 -3.6526 50 -5.1962 -3 50
4 16 -4.7601 -3.6526 44 -4.2426 -4.2426 44 -4.2426 -4.2426 50 -4.7601 -3.6526 50
4 16 -4.2426 -4.2426 44 -3.6526 -4.7601 44 -3.6526 -4.7601 50 -4.2426 -4.2426 50
4 16 -3.6526 -4.7601 44 -3 -5.1962 44 -3 -5.1962 50 -3.6526 -4.7601 50
4 16 -3 -5.1962 44 -2.2961 -5.5433 44 -2.2961 -5.5433 50 -3 -5.1962 50
4 16 -2.2961 -5.5433 44 -1.5529 -5.7956 44 -1.5529 -5.7956 50 -2.2961 -5.5433 50
4 16 -1.5529 -5.7956 44 -0.7832 -5.9487 44 -0.7832 -5.9487 50 -1.5529 -5.7956 50
4 16 -0.7832 -5.9487 44 0 -6 44 0 -6 50 -0.7832 -5.9487 50
4 16 0 -6 44 0.7832 -5.9487 44 0.7832 -5.9487 50 0 -6 50
4 16 0.7832 -5.9487 44 1.5529 -5.7956 44 1.5529 -5.7956 50 0.7832 -5.9487 50
4 16 1.5529 -5.7956 44 2.2961 -5.5433 44 2.2961 -5.5433 50 1.5529 -5.7956 50
4 16 2.2961 -5.5433 44 3 -5.1962 44 3 -5.1962 50 2.2961 -5.5433 50
4 16 3 -5.1962 44 3.6526 -4.7601 44 3.6526 -4.7601 50 3 -5.1962 50
4 16 3.6526 -4.7601 44 4.2426 -4.2426 44 4.2426 -4.2426 50 3.6526 -4.7601 50
4 16 4.2426 -4.2426 44 4.7601 -3.6526 44 4.7601 -3.6526 50 4.2426 -4.2426 50
4 16 4.7601 -3.6526 44 5.1962 -3 44 5.1962 -3 50 4.7601 -3.6526 50
4 16 5.1962 -3 44 5.5433 -2.2961 44 5.5433 -2.2961 50 5.1962 -3 50
4 16 5.5433 -2.2961 44 5.7956 -1.5529 44 5.7956 -1.5529 50 5.5433 -2.2961 50
4 16 5.7956 -1.5529 44 5.9487 -0.7832 44 5.9487 -0.7832 50 5.7956 -1.5529 50
4 16 5.9487 -0.7832 44 6 0 44 6 0 50 5.9487 -0.7832 50
3 16 0 0 50 6 0 50 5.9487 0.7832 50
3 16 0 0 50 5.9487 0.7832 50 5.7956 1.5529 50
3 16 0 0 50 5.7956 1.5529 50 5.5433 2.2961 50
3 16 0 0 50 5.5433 2.2961 50 5.1962 3 50
3 16 0 0 50 5.1962 3 50 4.7601 3.6526 50
3 16 0 0 50 4.7601 3.6526 50 4.2426 4.2426 50
3 16 0 0 50 4.2426 4.2426 50 3.6526 4.7601 50
3 16 0 0 50 3.6526 4.7601 50 3 5.1962 50
3 16 0 0 50 3 5.1962 50 2.2961 5.5433 50
3 16 0 0 50 2.2961 5.5433 50 1.5529 5.7956 50
3 16 0 0 50 1.5529 5.7956 50 0.7832 5.9487 50
3 16 0 0 50 0.7832 5.9487 50 0 6 50
3 16 0 0 50 0 6 50 -0.7832 5.9487 50
3 16 0 0 50 -0.7832 5.9487 50 -1.5529 5.7956 50
3 16 0 0 50 -1.5529 5.7956 50 -2.2961 5.5433 50
3 16 0 0 50 -2.2961 5.5433 50 -3 5.1962 50
3 16 0 0 50 -3 5.1962 50 -3.6526 4.7601 50
3 16 0 0 50 -3.6526 4.7601 50 -4.2426 4.2426 50
3 16 0 0 50 -4.2426 4.2426 50 -4.7601 3.6526 50
3 16 0 0 50 -4.7601 3.6526 50 -5.1962 3 50
3 16 0 0 50 -5.1962 3 50 -5.5433 2.2961 50
3 16 0 0 50 -5.5433 2.2961 50 -5.7956 1.5529 50
3 16 0 0 50 -5.7956 1.5529 50 -5.9487 0.7832 50
3 16 0 0 50 -5.9487 0.7832 50 -6 0 50
3 16 0 0 50 -6 0 50 -5.9487 -0.7832 50
3 16 0 0 50 -5.9487 -0.7832 50 -5.7956 -1.5529 50
3 16 0 0 50 -5.7956 -1.5529 50 -5.5433 -2.2961 50
3 16 0 0 50 -5.5433 -2.2961 50 -5.1962 -3 50
3 16 0 0 50 -5.1962 -3 50 -4.7601 -3.6526 50
3 16 0 0 50 -4.7601 -3.6526 50 -4.2426 -4.2426 50
3 16 0 0 50 -4.2426 -4.2426 50 -3.6526 -4.7601 50
3 16 0 0 50 -3.6526 -4.7601 50 -3 -5.1962 50
3 16 0 0 50 -3 -5.1962 50 -2.2961 -5.5433 50
3 16 0 0 50 -2.2961 -5.5433 50 -1.5529 -5.7956 50
3 16 0 0 50 -1.5529 -5.7956 50 -0.7832 -5.9487 50
3 16 0 0 50 -0.7832 -5.9487 50 0 -6 50
3 16 0 0 50 0 -6 50 0.7832 -5.9487 50
3 16 0 0 50 0.7832 -5.9487 50 1.5529 -5.7956 50
3 16 0 0 50 1.5529 -5.7956 50 2.2961 -5.5433 50
3 16 0 0 50 2.2961 -5.5433 50 3 -5.1962 50
3 16 0 0 50 3 -5.1962 50 3.6526 -4.7601 50
3 16 0 0 50 3.6526 -4.7601 50 4.2426 -4.2426 50
3 16 0 0 50 4.2426 -4.2426 50 4.7601 -3.6526 50
3 16 0 0 50 4.7601 -3.6526 50 5.1962 -3 50
3 16 0 0 50 5.1962 -3 50 5.5433 -2.2961 50
3 16 0 0 50 5.5433 -2.2961 50 5.7956 -1.5529 50
3 16 0 0 50 5.7956 -1.5529 50 5.9487 -0.7832 50
3 16 0 0 50 5.9487 -0.7832 50 6 0 50

0 // outlines
2 24 47.5 0 0 47.0936 6.2 0
2 24 47.0936 6.2 0 45.8815 12.2939 0
2 24 45.8815 12.2939 0 43.8843 18.1775 0
2 24 43.8843 18.1775 0 41.1362 23.75 0
2 24 41.1362 23.75 0 37.6843 28.9162 0
2 24 37.6843 28.9162 0 33.5876 33.5876 0
2 24 33.5876 33.5876 0 28.9162 37.6843 0
2 24 28.9162 37.6843 0 23.75 41.1362 0
2 24 23.75 41.1362 0 18.1775 43.8843 0
2 24 18.1775 43.8843 0 12.2939 45.8815 0
2 24 12.2939 45.8815 0 6.2 47.0936 0
2 24 6.2 47.0936 0 0 47.5 0
2 24 0 47.5 0 -6.2 47.0936 0
2 24 -6.2 47.0936 0 -12.2939 45.8815 0
2 24 -12.2939 45.8815 0 -18.1775 43.8843 0
2 24 -18.1775 43.8843 0 -23.75 41.1362 0
2 24 -23.75 41.1362 0 -28.9162 37.6843 0
2 24 -28.9162 37.6843 0 -33.5876 33.5876 0
2 24 -33.5876 33.5876 0 -37.6843 28.9162 0
2 24 -37.6843 28.9162 0 -41.1362 23.75 0
2 24 -41.1362 23.75 0 -43.8843 18.1775 0
2 24 -43.8843 18.1775 0 -45.8815 12.2939 0
2 24 -45.8815 12.2939 0 -47.0936 6.2 0
2 24 -47.0936 6.2 0 -47.5 0 0
2 24 -47.5 0 0 -47.0936 -6.2 0
2 24 -47.0936 -6.2 0 -45.8815 -12.2939 0
2 24 -45.8815 -12.2939 0 -43.8843 -18.1775 0
2 24 -43.8843 -18.1775 0 -41.1362 -23.75 0
2 24 -41.1362 -23.75 0 -37.6843 -28.9162 0
2 24 -37.6843 -28.9162 0 -33.5876 -33.5876 0
2 24 -33.5876 -33.5876 0 -28.9162 -37.6843 0
2 24 -28.9162 -37.6843 0 -23.75 -41.1362 0
2 24 -23.75 -41.1362 0 -18.1775 -43.8843 0
2 24 -18.1775 -43.8843 0 -12.2939 -45.8815 0
2 24 -12.2939 -45.8815 0 -6.2 -47.0936 0
2 24 -6.2 -47.0936 0 0 -47.5 0
2 24 0 -47.5 0 6.2 -47.0936 0
2 24 6.2 -47.0936 0 12.2939 -45.8815 0
2 24 12.2939 -45.8815 0 18.1775 -43.8843 0
2 24 18.1775 -43.8843 0 23.75 -41.1362 0
2 24 23.75 -41.1362 0 28.9162 -37.6843 0
2 24 28.9162 -37.6843 0 33.5876 -33.5876 0
2 24 33.5876 -33.5876 0 37.6843 -28.9162 0
2 24 37.6843 -28.9162 0 41.1362 -23.75 0
2 24 41.1362 -23.75 0 43.8843 -18.1775 0
2 24 43.8843 -18.1775 0 45.8815 -12.2939 0
2 24 45.8815 -12.2939 0 47.0936 -6.2 0
2 24 47.0936 -6.2 0 47.5 0 0
2 24 38 0 0 37.6749 4.96 0
2 24 37.6749 4.96 0 36.7052 9.8351 0
2 24 36.7052 9.8351 0 35.1074 14.542 0
2 24 35.1074 14.542 0 32.909 19 0
2 24 32.909 19 0 30.1474 23.1329 0
2 24 30.1474 23.1329 0 26.8701 26.8701 0
2 24 26.8701 26.8701 0 23.1329 30.1474 0
2 24 23.1329 30.1474 0 19 32.909 0
2 24 19 32.909 0 14.542 35.1074 0
2 24 14.542 35.1074 0 9.8351 36.7052 0
2 24 9.8351 36.7052 0 4.96 37.6749 0
2 24 4.96 37.6749 0 0 38 0
2 24 0 38 0 -4.96 37.6749 0
2 24 -4.96 37.6749 0 -9.8351 36.7052 0
2 24 -9.8351 36.7052 0 -14.542 35.1074 0
2 24 -14.542 35.1074 0 -19 32.909 0
2 24 -19 32.909 0 -23.1329 30.1474 0
2 24 -23.1329 30.1474 0 -26.8701 26.8701 0
2 24 -26.8701 26.8701 0 -30.1474 23.1329 0
2 24 -30.1474 23.1329 0 -32.909 19 0
2 24 -32.909 19 0 -35.1074 14.542 0
2 24 -35.1074 14.542 0 -36.7052 9.8351 0
2 24 -36.7052 9.8351 0 -37.6749 4.96 0
2 24 -37.6749 4.96 0 -38 0 0
2 24 -38 0 0 -37.6749 -4.96 0
2 24 -37.6749 -4.96 0 -36.7052 -9.8351 0
2 24 -36.7052 -9.8351 0 -35.1074 -14.542 0
2 24 -35.1074 -14.542 0 -32.909 -19 0
2 24 -32.909 -19 0 -30.1474 -23.1329 0
2 24 -30.1474 -23.1329 0 -26.8701 -26.8701 0
2 24 -26.8701 -26.8701 0 -23.1329 -30.1474 0
2 24 -23.1329 -30.1474 0 -19 -32.909 0
2 24 -19 -32.909 0 -14.542 -35.1074 0
2 24 -14.542 -35.1074 0 -9.8351 -36.7052 0
2 24 -9.8351 -36.7052 0 -4.96 -37.6749 0
2 24 -4.96 -37.6749 0 0 -38 0
2 24 0 -38 0 4.96 -37.6749 0
2 24 4.96 -37.6749 0 9.8351 -36.7052 0
2 24 9.8351 -36.7052 0 14.542 -35.1074 0
2 24 14.542 -35.1074 0 19 -32.909 0
2 24 19 -32.909 0 23.1329 -30.1474 0
2 24 23.1329 -30.1474 0 26.8701 -26.8701 0
2 24 26.8701 -26.8701 0 30.1474 -23.1329 0
2 24 30.1474 -23.1329 0 32.909 -19 0
2 24 32.909 -19 0 35.1074 -14.542 0
2 24 35.1074 -14.542 0 36.7052 -9.8351 0
2 24 36.7052 -9.8351 0 37.6749 -4.96 0
2 24 37.6749 -4.96 0 38 0 0
2 24 38 0 3 37.6749 4.96 3
2 24 37.6749 4.96 3 36.7052 9.8351 3
2 24 36.7052 9.8351 3 35.1074 14.542 3
2 24 35.1074 14.542 3 32.909 19 3
2 24 32.909 19 3 30.1474 23.1329 3
2 24 30.1474 23.1329 3 26.8701 26.8701 3
2 24 26.8701 26.8701 3 23.1329 30.1474 3
2 24 23.1329 30.1474 3 19 32.909 3
2 24 19 32.909 3 14.542 35.1074 3
2 24 14.542 35.1074 3 9.8351 36.7052 3
2 24 9.8351 36.7052 3 4.96 37.6749 3
2 24 4.96 37.6749 3 0 38 3
2 24 0 38 3 -4.96 37.6749 3
2 24 -4.96 37.6749 3 -9.8351 36.7052 3
2 24 -9.8351 36.7052 3 -14.542 35.1074 3
2 24 -14.542 35.1074 3 -19 32.909 3
2 24 -19 32.909 3 -23.1329 30.1474 3
2 24 -23.1329 30.1474 3 -26.8701 26.8701 3
2 24 -26.8701 26.8701 3 -30.1474 23.1329 3
2 24 -30.1474 23.1329 3 -32.909 19 3
2 24 -32.909 19 3 -35.1074 14.542 3
2 24 -35.1074 14.542 3 -36.7052 9.8351 3
2 24 -36.7052 9.8351 3 -37.6749 4.96 3
2 24 -37.6749 4.96 3 -38 0 3
2 24 -38 0 3 -37.6749 -4.96 3
2 24 -37.6749 -4.96 3 -36.7052 -9.8351 3
2 24 -36.7052 -9.8351 3 -35.1074 -14.542 3
2 24 -35.1074 -14.542 3 -32.909 -19 3
2 24 -32.909 -19 3 -30.1474 -23.1329 3
2 24 -30.1474 -23.1329 3 -26.8701 -26.8701 3
2 24 -26.8701 -26.8701 3 -23.1329 -30.1474 3
2 24 -23.1329 -30.1474 3 -19 -32.909 3
2 24 -19 -32.909 3 -14.542 -35.1074 3
2 24 -14.542 -35.1074 3 -9.8351 -36.7052 3
2 24 -9.8351 -36.7052 3 -4.96 -37.6749 3
2 24 -4.96 -37.6749 3 0 -38 3
2 24 0 -38 3 4.96 -37.6749 3
2 24 4.96 -37.6749 3 9.8351 -36.7052 3
2 24 9.8351 -36.7052 3 14.542 -35.1074 3
2 24 14.542 -35.1074 3 19 -32.909 3
2 24 19 -32.909 3 23.1329 -30.1474 3
2 24 23.1329 -30.1474 3 26.8701 -26.8701 3
2 24 26.8701 -26.8701 3 30.1474 -23.1329 3
2 24 30.1474 -23.1329 3 32.909 -19 3
2 24 32.909 -19 3 35.1074 -14.542 3
2 24 35.1074 -14.542 3 36.7052 -9.8351 3
2 24 36.7052 -9.8351 3 37.6749 -4.96 3
2 24 37.6749 -4.96 3 38 0 3
2 24 47.5 0 8 47.0936 6.2 8
2 24 47.0936 6.2 8 45.8815 12.2939 8
2 24 45.8815 12.2939 8 43.8843 18.1775 8
2 24 43.8843 18.1775 8 41.1362 23.75 8
2 24 41.1362 23.75 8 37.6843 28.9162 8
2 24 37.6843 28.9162 8 33.5876 33.5876 8
2 24 33.5876 33.5876 8 28.9162 37.6843 8
2 24 28.9162 37.6843 8 23.75 41.1362 8
2 24 23.75 41.1362 8 18.1775 43.8843 8
2 24 18.1775 43.8843 8 12.2939 45.8815 8
2 24 12.2939 45.8815 8 6.2 47.0936 8
2 24 6.2 47.0936 8 0 47.5 8
2 24 0 47.5 8 -6.2 47.0936 8
2 24 -6.2 47.0936 8 -12.2939 45.8815 8
2 24 -12.2939 45.8815 8 -18.1775 43.8843 8
2 24 -18.1775 43.8843 8 -23.75 41.1362 8
2 24 -23.75 41.1362 8 -28.9162 37.6843 8
2 24 -28.9162 37.6843 8 -33.5876 33.5876 8
2 24 -33.5876 33.5876 8 -37.6843 28.9162 8
2 24 -37.6843 28.9162 8 -41.1362 23.75 8
2 24 -41.1362 23.75 8 -43.8843 18.1775 8
2 24 -43.8843 18.1775 8 -45.8815 12.2939 8
2 24 -45.8815 12.2939 8 -47.0936 6.2 8
2 24 -47.0936 6.2 8 -47.5 0 8
2 24 -47.5 0 8 -47.0936 -6.2 8
2 24 -47.0936 -6.2 8 -45.8815 -12.2939 8
2 24 -45.8815 -12.2939 8 -43.8843 -18.1775 8
2 24 -43.8843 -18.1775 8 -41.1362 -23.75 8
2 24 -41.1362 -23.75 8 -37.6843 -28.9162 8
2 24 -37.6843 -28.9162 8 -33.5876 -33.5876 8
2 24 -33.5876 -33.5876 8 -28.9162 -37.6843 8
2 24 -28.9162 -37.6843 8 -23.75 -41.1362 8
2 24 -23.75 -41.1362 8 -18.1775 -43.8843 8
2 24 -18.1775 -43.8843 8 -12.2939 -45.8815 8
2 24 -12.2939 -45.8815 8 -6.2 -47.0936 8
2 24 -6.2 -47.0936 8 0 -47.5 8
2 24 0 -47.5 8 6.2 -47.0936 8
2 24 6.2 -47.0936 8 12.2939 -45.8815 8
2 24 12.2939 -45.8815 8 18.1775 -43.8843 8
2 24 18.1775 -43.8843 8 23.75 -41.1362 8
2 24 23.75 -41.1362 8 28.9162 -37.6843 8
2 24 28.9162 -37.6843 8 33.5876 -33.5876 8
2 24 33.5876 -33.5876 8 37.6843 -28.9162 8
2 24 37.6843 -28.9162 8 41.1362 -23.75 8
2 24 41.1362 -23.75 8 43.8843 -18.1775 8
2 24 43.8843 -18.1775 8 45.8815 -12.2939 8
2 24 45.8815 -12.2939 8 47.0936 -6.2 8
2 24 47.0936 -6.2 8 47.5 0 8
2 24 43.75 0 8 43.3757 5.7105 8
2 24 43.3757 5.7105 8 42.2593 11.3233 8
2 24 42.2593 11.3233 8 40.4197 16.7424 8
2 24 40.4197 16.7424 8 37.8886 21.875 8
2 24 37.8886 21.875 8 34.7092 26.6333 8
2 24 34.7092 26.6333 8 30.9359 30.9359 8
2 24 30.9359 30.9359 8 26.6333 34.7092 8
2 24 26.6333 34.7092 8 21.875 37.8886 8
2 24 21.875 37.8886 8 16.7424 40.4197 8
2 24 16.7424 40.4197 8 11.3233 42.2593 8
2 24 11.3233 42.2593 8 5.7105 43.3757 8
2 24 5.7105 43.3757 8 0 43.75 8
2 24 0 43.75 8 -5.7105 43.3757 8
2 24 -5.7105 43.3757 8 -11.3233 42.2593 8
2 24 -11.3233 42.2593 8 -16.7424 40.4197 8
2 24 -16.7424 40.4197 8 -21.875 37.8886 8
2 24 -21.875 37.8886 8 -26.6333 34.7092 8
2 24 -26.6333 34.7092 8 -30.9359 30.9359 8
2 24 -30.9359 30.9359 8 -34.7092 26.6333 8
2 24 -34.7092 26.6333 8 -37.8886 21.875 8
2 24 -37.8886 21.875 8 -40.4197 16.7424 8
2 24 -40.4197 16.7424 8 -42.2593 11.3233 8
2 24 -42.2593 11.3233 8 -43.3757 5.7105 8
2 24 -43.3757 5.7105 8 -43.75 0 8
2 24 -43.75 0 8 -43.3757 -5.7105 8
2 24 -43.3757 -5.7105 8 -42.2593 -11.3233 8
2 24 -42.2593 -11.3233 8 -40.4197 -16.7424 8
2 24 -40.4197 -16.7424 8 -37.8886 -21.875 8
2 24 -37.8886 -21.875 8 -34.7092 -26.6333 8
2 24 -34.7092 -26.6333 8 -30.9359 -30.9359 8
2 24 -30.9359 -30.9359 8 -26.6333 -34.7092 8
2 24 -26.6333 -34.7092 8 -21.875 -37.8886 8
2 24 -21.875 -37.8886 8 -16.7424 -40.4197 8
2 24 -16.7424 -40.4197 8 -11.3233 -42.2593 8
2 24 -11.3233 -42.2593 8 -5.7105 -43.3757 8
2 24 -5.7105 -43.3757 8 0 -43.75 8
2 24 0 -43.75 8 5.7105 -43.3757 8
2 24 5.7105 -43.3757 8 11.3233 -42.2593 8
2 24 11.3233 -42.2593 8 16.7424 -40.4197 8
2 24 16.7424 -40.4197 8 21.875 -37.8886 8
2 24 21.875 -37.8886 8 26.6333 -34.7092 8
2 24 26.6333 -34.7092 8 30.9359 -30.9359 8
2 24 30.9359 -30.9359 8 34.7092 -26.6333 8
2 24 34.7092 -26.6333 8 37.8886 -21.875 8
2 24 37.8886 -21.875 8 40.4197 -16.7424 8
2 24 40.4197 -16.7424 8 42.2593 -11.3233 8
2 24 42.2593 -11.3233 8 43.3757 -5.7105 8
2 24 43.3757 -5.7105 8 43.75 0 8
2 24 43.75 0 44 43.3757 5.7105 44
2 24 43.3757 5.7105 44 42.2593 11.3233 44
2 24 42.2593 11.3233 44 40.4197 16.7424 44
2 24 40.4197 16.7424 44 37.8886 21.875 44
2 24 37.8886 21.875 44 34.7092 26.6333 44
2 24 34.7092 26.6333 44 30.9359 30.9359 44
2 24 30.9359 30.9359 44 26.6333 34.7092 44
2 24 26.6333 34.7092 44 21.875 37.8886 44
2 24 21.875 37.8886 44 16.7424 40.4197 44
2 24 16.7424 40.4197 44 11.3233 42.2593 44
2 24 11.3233 42.2593 44 5.7105 43.3757 44
2 24 5.7105 43.3757 44 0 43.75 44
2 24 0 43.75 44 -5.7105 43.3757 44
2 24 -5.7105 43.3757 44 -11.3233 42.2593 44
2 24 -11.3233 42.2593 44 -16.7424 40.4197 44
2 24 -16.7424 40.4197 44 -21.875 37.8886 44
2 24 -21.875 37.8886 44 -26.6333 34.7092 44
2 24 -26.6333 34.7092 44 -30.9359 30.9359 44
2 24 -30.9359 30.9359 44 -34.7092 26.6333 44
2 24 -34.7092 26.6333 44 -37.8886 21.875 44
2 24 -37.8886 21.875 44 -40.4197 16.7424 44
2 24 -40.4197 16.7424 44 -42.2593 11.3233 44
2 24 -42.2593 11.3233 44 -43.3757 5.7105 44
2 24 -43.3757 5.7105 44 -43.75 0 44
2 24 -43.75 0 44 -43.3757 -5.7105 44
2 24 -43.3757 -5.7105 44 -42.2593 -11.3233 44
2 24 -42.2593 -11.3233 44 -40.4197 -16.7424 44
2 24 -40.4197 -16.7424 44 -37.8886 -21.875 44
2 24 -37.8886 -21.875 44 -34.7092 -26.6333 44
2 24 -34.7092 -26.6333 44 -30.9359 -30.9359 44
2 24 -30.9359 -30.9359 44 -26.6333 -34.7092 44
2 24 -26.6333 -34.7092 44 -21.875 -37.8886 44
2 24 -21.875 -37.8886 44 -16.7424 -40.4197 44
2 24 -16.7424 -40.4197 44 -11.3233 -42.2593 44
2 24 -11.3233 -42.2593 44 -5.7105 -43.3757 44
2 24 -5.7105 -43.3757 44 0 -43.75 44
2 24 0 -43.75 44 5.7105 -43.3757 44
2 24 5.7105 -43.3757 44 11.3233 -42.2593 44
2 24 11.3233 -42.2593 44 16.7424 -40.4197 44
2 24 16.7424 -40.4197 44 21.875 -37.8886 44
2 24 21.875 -37.8886 44 26.6333 -34.7092 44
2 24 26.6333 -34.7092 44 30.9359 -30.9359 44
2 24 30.9359 -30.9359 44 34.7092 -26.6333 44
2 24 34.7092 -26.6333 44 37.8886 -21.875 44
2 24 37.8886 -21.875 44 40.4197 -16.7424 44
2 24 40.4197 -16.7424 44 42.2593 -11.3233 44
2 24 42.2593 -11.3233 44 43.3757 -5.7105 44
2 24 43.3757 -5.7105 44 43.75 0 44
2 24 6 0 44 5.9487 0.7832 44
2 24 5.9487 0.7832 44 5.7956 1.5529 44
2 24 5.7956 1.5529 44 5.5433 2.2961 44
2 24 5.5433 2.2961 44 5.1962 3 44
2 24 5.1962 3 44 4.7601 3.6526 44
2 24 4.7601 3.6526 44 4.2426 4.2426 44
2 24 4.2426 4.2426 44 3.6526 4.7601 44
2 24 3.6526 4.7601 44 3 5.1962 44
2 24 3 5.1962 44 2.2961 5.5433 44
2 24 2.2961 5.5433 44 1.5529 5.7956 44
2 24 1.5529 5.7956 44 0.7832 5.9487 44
2 24 0.7832 5.9487 44 0 6 44
2 24 0 6 44 -0.7832 5.9487 44
2 24 -0.7832 5.9487 44 -1.5529 5.7956 44
2 24 -1.5529 5.7956 44 -2.2961 5.5433 44
2 24 -2.2961 5.5433 44 -3 5.1962 44
2 24 -3 5.1962 44 -3.6526 4.7601 44
2 24 -3.6526 4.7601 44 -4.2426 4.2426 44
2 24 -4.2426 4.2426 44 -4.7601 3.6526 44
2 24 -4.7601 3.6526 44 -5.1962 3 44
2 24 -5.1962 3 44 -5.5433 2.2961 44
2 24 -5.5433 2.2961 44 -5.7956 1.5529 44
2 24 -5.7956 1.5529 44 -5.9487 0.7832 44
2 24 -5.9487 0.7832 44 -6 0 44
2 24 -6 0 44 -5.9487 -0.7832 44
2 24 -5.9487 -0.7832 44 -5.7956 -1.5529 44
2 24 -5.7956 -1.5529 44 -5.5433 -2.2961 44
2 24 -5.5433 -2.2961 44 -5.1962 -3 44
2 24 -5.1962 -3 44 -4.7601 -3.6526 44
2 24 -4.7601 -3.6526 44 -4.2426 -4.2426 44
2 24 -4.2426 -4.2426 44 -3.6526 -4.7601 44
2 24 -3.6526 -4.7601 44 -3 -5.1962 44
2 24 -3 -5.1962 44 -2.2961 -5.5433 44
2 24 -2.2961 -5.5433 44 -1.5529 -5.7956 44
2 24 -1.5529 -5.7956 44 -0.7832 -5.9487 44
2 24 -0.7832 -5.9487 44 0 -6 44
2 24 0 -6 44 0.7832 -5.9487 44
2 24 0.7832 -5.9487 44 1.5529 -5.7956 44
2 24 1.5529 -5.7956 44 2.2961 -5.5433 44
2 24 2.2961 -5.5433 44 3 -5.1962 44
2 24 3 -5.1962 44 3.6526 -4.7601 44
2 24 3.6526 -4.7601 44 4.2426 -4.2426 44
2 24 4.2426 -4.2426 44 4.7601 -3.6526 44
2 24 4.7601 -3.6526 44 5.1962 -3 44
2 24 5.1962 -3 44 5.5433 -2.2961 44
2 24 5.5433 -2.2961 44 5.7956 -1.5529 44
2 24 5.7956 -1.5529 44 5.9487 -0.7832 44
2 24 5.9487 -0.7832 44 6 0 44
2 24 6 0 50 5.9487 0.7832 50
2 24 5.9487 0.7832 50 5.7956 1.5529 50
2 24 5.7956 1.5529 50 5.5433 2.2961 50
2 24 5.5433 2.2961 50 5.1962 3 50
2 24 5.1962 3 50 4.7601 3.6526 50
2 24 4.7601 3.6526 50 4.2426 4.2426 50
2 24 4.2426 4.2426 50 3.6526 4.7601 50
2 24 3.6526 4.7601 50 3 5.1962 50
2 24 3 5.1962 50 2.2961 5.5433 50
2 24 2.2961 5.5433 50 1.5529 5.7956 50
2 24 1.5529 5.7956 50 0.7832 5.9487 50
2 24 0.7832 5.9487 50 0 6 50
2 24 0 6 50 -0.7832 5.9487 50
2 24 -0.7832 5.9487 50 -1.5529 5.7956 50
2 24 -1.5529 5.7956 50 -2.2961 5.5433 50
2 24 -2.2961 5.5433 50 -3 5.1962 50
2 24 -3 5.1962 50 -3.6526 4.7601 50
2 24 -3.6526 4.7601 50 -4.2426 4.2426 50
2 24 -4.2426 4.2426 50 -4.7601 3.6526 50
2 24 -4.7601 3.6526 50 -5.1962 3 50
2 24 -5.1962 3 50 -5.5433 2.2961 50
2 24 -5.5433 2.2961 50 -5.7956 1.5529 50
2 24 -5.7956 1.5529 50 -5.9487 0.7832 50
2 24 -5.9487 0.7832 50 -6 0 50
2 24 -6 0 50 -5.9487 -0.7832 50
2 24 -5.9487 -0.7832 50 -5.7956 -1.5529 50
2 24 -5.7956 -1.5529 50 -5.5433 -2.2961 50
2 24 -5.5433 -2.2961 50 -5.1962 -3 50
2 24 -5.1962 -3 50 -4.7601 -3.6526 50
2 24 -4.7601 -3.6526 50 -4.2426 -4.2426 50
2 24 -4.2426 -4.2426 50 -3.6526 -4.7601 50
2 24 -3.6526 -4.7601 50 -3 -5.1962 50
2 24 -3 -5.1962 50 -2.2961 -5.5433 50
2 24 -2.2961 -5.5433 50 -1.5529 -5.7956 50
2 24 -1.5529 -5.7956 50 -0.7832 -5.9487 50
2 24 -0.7832 -5.9487 50 0 -6 50
2 24 0 -6 50 0.7832 -5.9487 50
2 24 0.7832 -5.9487 50 1.5529 -5.7956 50
2 24 1.5529 -5.7956 50 2.2961 -5.5433 50
2 24 2.2961 -5.5433 50 3 -5.1962 50
2 24 3 -5.1962 50 3.6526 -4.7601 50
2 24 3.6526 -4.7601 50 4.2426 -4.2426 50
2 24 4.2426 -4.2426 50 4.7601 -3.6526 50
2 24 4.7601 -3.6526 50 5.1962 -3 50
2 24 5.1962 -3 50 5.5433 -2.2961 50
2 24 5.5433 -2.2961 50 5.7956 -1.5529 50
2 24 5.7956 -1.5529 50 5.9487 -0.7832 50
2 24 5.9487 -0.7832 50 6 0 50
