0 Clock Hand Hour (not LEGO, stand-in)
0 Name: bk-clock-hand-hour.dat
0 Author: brickkit
0 !LDRAW_ORG Unofficial_Part
0 !LICENSE Licensed under CC BY 4.0

0 BFC CERTIFY CCW


0 // blade
3 16 0 -6.8571 -0.3 0.7 -18 -0.3 0 -22 -0.3
3 16 0 -6.8571 0.3 0 -22 0.3 0.7 -18 0.3
4 16 0 -22 -0.3 0.7 -18 -0.3 0.7 -18 0.3 0 -22 0.3
2 24 0 -22 -0.3 0.7 -18 -0.3
3 16 0 -6.8571 -0.3 1.7 0 -0.3 0.7 -18 -0.3
3 16 0 -6.8571 0.3 0.7 -18 0.3 1.7 0 0.3
4 16 0.7 -18 -0.3 1.7 0 -0.3 1.7 0 0.3 0.7 -18 0.3
2 24 0.7 -18 -0.3 1.7 0 -0.3
3 16 0 -6.8571 -0.3 1.3 5 -0.3 1.7 0 -0.3
3 16 0 -6.8571 0.3 1.7 0 0.3 1.3 5 0.3
4 16 1.7 0 -0.3 1.3 5 -0.3 1.3 5 0.3 1.7 0 0.3
2 24 1.7 0 -0.3 1.3 5 -0.3
3 16 0 -6.8571 -0.3 -1.3 5 -0.3 1.3 5 -0.3
3 16 0 -6.8571 0.3 1.3 5 0.3 -1.3 5 0.3
4 16 1.3 5 -0.3 -1.3 5 -0.3 -1.3 5 0.3 1.3 5 0.3
2 24 1.3 5 -0.3 -1.3 5 -0.3
3 16 0 -6.8571 -0.3 -1.7 0 -0.3 -1.3 5 -0.3
3 16 0 -6.8571 0.3 -1.3 5 0.3 -1.7 0 0.3
4 16 -1.3 5 -0.3 -1.7 0 -0.3 -1.7 0 0.3 -1.3 5 0.3
2 24 -1.3 5 -0.3 -1.7 0 -0.3
3 16 0 -6.8571 -0.3 -0.7 -18 -0.3 -1.7 0 -0.3
3 16 0 -6.8571 0.3 -1.7 0 0.3 -0.7 -18 0.3
4 16 -1.7 0 -0.3 -0.7 -18 -0.3 -0.7 -18 0.3 -1.7 0 0.3
2 24 -1.7 0 -0.3 -0.7 -18 -0.3
3 16 0 -6.8571 -0.3 0 -22 -0.3 -0.7 -18 -0.3
3 16 0 -6.8571 0.3 -0.7 -18 0.3 0 -22 0.3
4 16 -0.7 -18 -0.3 0 -22 -0.3 0 -22 0.3 -0.7 -18 0.3
2 24 -0.7 -18 -0.3 0 -22 -0.3

0 // hub
4 16 1.5 0 -0.5 1.4872 0.1958 -0.5 2.9743 0.3916 -0.5 3 0 -0.5
4 16 1.4872 0.1958 -0.5 1.4489 0.3882 -0.5 2.8978 0.7765 -0.5 2.9743 0.3916 -0.5
4 16 1.4489 0.3882 -0.5 1.3858 0.574 -0.5 2.7716 1.1481 -0.5 2.8978 0.7765 -0.5
4 16 1.3858 0.574 -0.5 1.299 0.75 -0.5 2.5981 1.5 -0.5 2.7716 1.1481 -0.5
4 16 1.299 0.75 -0.5 1.19 0.9131 -0.5 2.3801 1.8263 -0.5 2.5981 1.5 -0.5
4 16 1.19 0.9131 -0.5 1.0607 1.0607 -0.5 2.1213 2.1213 -0.5 2.3801 1.8263 -0.5
4 16 1.0607 1.0607 -0.5 0.9131 1.19 -0.5 1.8263 2.3801 -0.5 2.1213 2.1213 -0.5
4 16 0.9131 1.19 -0.5 0.75 1.299 -0.5 1.5 2.5981 -0.5 1.8263 2.3801 -0.5
4 16 0.75 1.299 -0.5 0.574 1.3858 -0.5 1.1481 2.7716 -0.5 1.5 2.5981 -0.5
4 16 0.574 1.3858 -0.5 0.3882 1.4489 -0.5 0.7765 2.8978 -0.5 1.1481 2.7716 -0.5
4 16 0.3882 1.4489 -0.5 0.1958 1.4872 -0.5 0.3916 2.9743 -0.5 0.7765 2.8978 -0.5
4 16 0.1958 1.4872 -0.5 0 1.5 -0.5 0 3 -0.5 0.3916 2.9743 -0.5
4 16 0 1.5 -0.5 -0.1958 1.4872 -0.5 -0.3916 2.9743 -0.5 0 3 -0.5
4 16 -0.1958 1.4872 -0.5 -0.3882 1.4489 -0.5 -0.7765 2.8978 -0.5 -0.3916 2.9743 -0.5
4 16 -0.3882 1.4489 -0.5 -0.574 1.3858 -0.5 -1.1481 2.7716 -0.5 -0.7765 2.8978 -0.5
4 16 -0.574 1.3858 -0.5 -0.75 1.299 -0.5 -1.5 2.5981 -0.5 -1.1481 2.7716 -0.5
4 16 -0.75 1.299 -0.5 -0.9131 1.19 -0.5 -1.8263 2.3801 -0.5 -1.5 2.5981 -0.5
4 16 -0.9131 1.19 -0.5 -1.0607 1.0607 -0.5 -2.1213 2.1213 -0.5 -1.8263 2.3801 -0.5
4 16 -1.0607 1.0607 -0.5 -1.19 0.9131 -0.5 -2.3801 1.8263 -0.5 -2.1213 2.1213 -0.5
4 16 -1.19 0.9131 -0.5 -1.299 0.75 -0.5 -2.5981 1.5 -0.5 -2.3801 1.8263 -0.5
4 16 -1.299 0.75 -0.5 -1.3858 0.574 -0.5 -2.7716 1.1481 -0.5 -2.5981 1.5 -0.5
4 16 -1.3858 0.574 -0.5 -1.4489 0.3882 -0.5 -2.8978 0.7765 -0.5 -2.7716 1.1481 -0.5
4 16 -1.4489 0.3882 -0.5 -1.4872 0.1958 -0.5 -2.9743 0.3916 -0.5 -2.8978 0.7765 -0.5
4 16 -1.4872 0.1958 -0.5 -1.5 0 -0.5 -3 0 -0.5 -2.9743 0.3916 -0.5
4 16 -1.5 0 -0.5 -1.4872 -0.1958 -0.5 -2.9743 -0.3916 -0.5 -3 0 -0.5
4 16 -1.4872 -0.1958 -0.5 -1.4489 -0.3882 -0.5 -2.8978 -0.7765 -0.5 -2.9743 -0.3916 -0.5
4 16 -1.4489 -0.3882 -0.5 -1.3858 -0.574 -0.5 -2.7716 -1.1481 -0.5 -2.8978 -0.7765 -0.5
4 16 -1.3858 -0.574 -0.5 -1.299 -0.75 -0.5 -2.5981 -1.5 -0.5 -2.7716 -1.1481 -0.5
4 16 -1.299 -0.75 -0.5 -1.19 -0.9131 -0.5 -2.3801 -1.8263 -0.5 -2.5981 -1.5 -0.5
4 16 -1.19 -0.9131 -0.5 -1.0607 -1.0607 -0.5 -2.1213 -2.1213 -0.5 -2.3801 -1.8263 -0.5
4 16 -1.0607 -1.0607 -0.5 -0.9131 -1.19 -0.5 -1.8263 -2.3801 -0.5 -2.1213 -2.1213 -0.5
4 16 -0.9131 -1.19 -0.5 -0.75 -1.299 -0.5 -1.5 -2.5981 -0.5 -1.8263 -2.3801 -0.5
4 16 -0.75 -1.299 -0.5 -0.574 -1.3858 -0.5 -1.1481 -2.7716 -0.5 -1.5 -2.5981 -0.5
4 16 -0.574 -1.3858 -0.5 -0.3882 -1.4489 -0.5 -0.7765 -2.8978 -0.5 -1.1481 -2.7716 -0.5
4 16 -0.3882 -1.4489 -0.5 -0.1958 -1.4872 -0.5 -0.3916 -2.9743 -0.5 -0.7765 -2.8978 -0.5
4 16 -0.1958 -1.4872 -0.5 0 -1.5 -0.5 0 -3 -0.5 -0.3916 -2.9743 -0.5
4 16 0 -1.5 -0.5 0.1958 -1.4872 -0.5 0.3916 -2.9743 -0.5 0 -3 -0.5
4 16 0.1958 -1.4872 -0.5 0.3882 -1.4489 -0.5 0.7765 -2.8978 -0.5 0.3916 -2.9743 -0.5
4 16 0.3882 -1.4489 -0.5 0.574 -1.3858 -0.5 1.1481 -2.7716 -0.5 0.7765 -2.8978 -0.5
4 16 0.574 -1.3858 -0.5 0.75 -1.299 -0.5 1.5 -2.5981 -0.5 1.1481 -2.7716 -0.5
4 16 0.75 -1.299 -0.5 0.9131 -1.19 -0.5 1.8263 -2.3801 -0.5 1.5 -2.5981 -0.5
4 16 0.9131 -1.19 -0.5 1.0607 -1.0607 -0.5 2.1213 -2.1213 -0.5 1.8263 -2.3801 -0.5
4 16 1.0607 -1.0607 -0.5 1.19 -0.9131 -0.5 2.3801 -1.8263 -0.5 2.1213 -2.1213 -0.5
4 16 1.19 -0.9131 -0.5 1.299 -0.75 -0.5 2.5981 -1.5 -0.5 2.3801 -1.8263 -0.5
4 16 1.299 -0.75 -0.5 1.3858 -0.574 -0.5 2.7716 -1.1481 -0.5 2.5981 -1.5 -0.5
4 16 1.3858 -0.574 -0.5 1.4489 -0.3882 -0.5 2.8978 -0.7765 -0.5 2.7716 -1.1481 -0.5
4 16 1.4489 -0.3882 -0.5 1.4872 -0.1958 -0.5 2.9743 -0.3916 -0.5 2.8978 -0.7765 -0.5
4 16 1.4872 -0.1958 -0.5 1.5 0 -0.5 3 0 -0.5 2.9743 -0.3916 -0.5
4 16 1.5 0 0.5 3 0 0.5 2.9743 0.3916 0.5 1.4872 0.1958 0.5
4 16 1.4872 0.1958 0.5 2.9743 0.3916 0.5 2.8978 0.7765 0.5 1.4489 0.3882 0.5
4 16 1.4489 0.3882 0.5 2.8978 0.7765 0.5 2.7716 1.1481 0.5 1.3858 0.574 0.5
4 16 1.3858 0.574 0.5 2.7716 1.1481 0.5 2.5981 1.5 0.5 1.299 0.75 0.5
4 16 1.299 0.75 0.5 2.5981 1.5 0.5 2.3801 1.8263 0.5 1.19 0.9131 0.5
4 16 1.19 0.9131 0.5 2.3801 1.8263 0.5 2.1213 2.1213 0.5 1.0607 1.0607 0.5
4 16 1.0607 1.0607 0.5 2.1213 2.1213 0.5 1.8263 2.3801 0.5 0.9131 1.19 0.5
4 16 0.9131 1.19 0.5 1.8263 2.3801 0.5 1.5 2.5981 0.5 0.75 1.299 0.5
4 16 0.75 1.299 0.5 1.5 2.5981 0.5 1.1481 2.7716 0.5 0.574 1.3858 0.5
4 16 0.574 1.3858 0.5 1.1481 2.7716 0.5 0.7765 2.8978 0.5 0.3882 1.4489 0.5
4 16 0.3882 1.4489 0.5 0.7765 2.8978 0.5 0.3916 2.9743 0.5 0.1958 1.4872 0.5
4 16 0.1958 1.4872 0.5 0.3916 2.9743 0.5 0 3 0.5 0 1.5 0.5
4 16 0 1.5 0.5 0 3 0.5 -0.3916 2.9743 0.5 -0.1958 1.4872 0.5
4 16 -0.1958 1.4872 0.5 -0.3916 2.9743 0.5 -0.7765 2.8978 0.5 -0.3882 1.4489 0.5
4 16 -0.3882 1.4489 0.5 -0.7765 2.8978 0.5 -1.1481 2.7716 0.5 -0.574 1.3858 0.5
4 16 -0.574 1.3858 0.5 -1.1481 2.7716 0.5 -1.5 2.5981 0.5 -0.75 1.299 0.5
4 16 -0.75 1.299 0.5 -1.5 2.5981 0.5 -1.8263 2.3801 0.5 -0.9131 1.19 0.5
4 16 -0.9131 1.19 0.5 -1.8263 2.3801 0.5 -2.1213 2.1213 0.5 -1.0607 1.0607 0.5
4 16 -1.0607 1.0607 0.5 -2.1213 2.1213 0.5 -2.3801 1.8263 0.5 -1.19 0.9131 0.5
4 16 -1.19 0.9131 0.5 -2.3801 1.8263 0.5 -2.5981 1.5 0.5 -1.299 0.75 0.5
4 16 -1.299 0.75 0.5 -2.5981 1.5 0.5 -2.7716 1.1481 0.5 -1.3858 0.574 0.5
4 16 -1.3858 0.574 0.5 -2.7716 1.1481 0.5 -2.8978 0.7765 0.5 -1.4489 0.3882 0.5
4 16 -1.4489 0.3882 0.5 -2.8978 0.7765 0.5 -2.9743 0.3916 0.5 -1.4872 0.1958 0.5
4 16 -1.4872 0.1958 0.5 -2.9743 0.3916 0.5 -3 0 0.5 -1.5 0 0.5
4 16 -1.5 0 0.5 -3 0 0.5 -2.9743 -0.3916 0.5 -1.4872 -0.1958 0.5
4 16 -1.4872 -0.1958 0.5 -2.9743 -0.3916 0.5 -2.8978 -0.7765 0.5 -1.4489 -0.3882 0.5
4 16 -1.4489 -0.3882 0.5 -2.8978 -0.7765 0.5 -2.7716 -1.1481 0.5 -1.3858 -0.574 0.5
4 16 -1.3858 -0.574 0.5 -2.7716 -1.1481 0.5 -2.5981 -1.5 0.5 -1.299 -0.75 0.5
4 16 -1.299 -0.75 0.5 -2.5981 -1.5 0.5 -2.3801 -1.8263 0.5 -1.19 -0.9131 0.5
4 16 -1.19 -0.9131 0.5 -2.3801 -1.8263 0.5 -2.1213 -2.1213 0.5 -1.0607 -1.0607 0.5
4 16 -1.0607 -1.0607 0.5 -2.1213 -2.1213 0.5 -1.8263 -2.3801 0.5 -0.9131 -1.19 0.5
4 16 -0.9131 -1.19 0.5 -1.8263 -2.3801 0.5 -1.5 -2.5981 0.5 -0.75 -1.299 0.5
4 16 -0.75 -1.299 0.5 -1.5 -2.5981 0.5 -1.1481 -2.7716 0.5 -0.574 -1.3858 0.5
4 16 -0.574 -1.3858 0.5 -1.1481 -2.7716 0.5 -0.7765 -2.8978 0.5 -0.3882 -1.4489 0.5
4 16 -0.3882 -1.4489 0.5 -0.7765 -2.8978 0.5 -0.3916 -2.9743 0.5 -0.1958 -1.4872 0.5
4 16 -0.1958 -1.4872 0.5 -0.3916 -2.9743 0.5 0 -3 0.5 0 -1.5 0.5
4 16 0 -1.5 0.5 0 -3 0.5 0.3916 -2.9743 0.5 0.1958 -1.4872 0.5
4 16 0.1958 -1.4872 0.5 0.3916 -2.9743 0.5 0.7765 -2.8978 0.5 0.3882 -1.4489 0.5
4 16 0.3882 -1.4489 0.5 0.7765 -2.8978 0.5 1.1481 -2.7716 0.5 0.574 -1.3858 0.5
4 16 0.574 -1.3858 0.5 1.1481 -2.7716 0.5 1.5 -2.5981 0.5 0.75 -1.299 0.5
4 16 0.75 -1.299 0.5 1.5 -2.5981 0.5 1.8263 -2.3801 0.5 0.9131 -1.19 0.5
4 16 0.9131 -1.19 0.5 1.8263 -2.3801 0.5 2.1213 -2.1213 0.5 1.0607 -1.0607 0.5
4 16 1.0607 -1.0607 0.5 2.1213 -2.1213 0.5 2.3801 -1.8263 0.5 1.19 -0.9131 0.5
4 16 1.19 -0.9131 0.5 2.3801 -1.8263 0.5 2.5981 -1.5 0.5 1.299 -0.75 0.5
4 16 1.299 -0.75 0.5 2.5981 -1.5 0.5 2.7716 -1.1481 0.5 1.3858 -0.574 0.5
4 16 1.3858 -0.574 0.5 2.7716 -1.1481 0.5 2.8978 -0.7765 0.5 1.4489 -0.3882 0.5
4 16 1.4489 -0.3882 0.5 2.8978 -0.7765 0.5 2.9743 -0.3916 0.5 1.4872 -0.1958 0.5
4 16 1.4872 -0.1958 0.5 2.9743 -0.3916 0.5 3 0 0.5 1.5 0 0.5
4 16 3 0 -0.5 2.9743 0.3916 -0.5 2.9743 0.3916 0.5 3 0 0.5
4 16 2.9743 0.3916 -0.5 2.8978 0.7765 -0.5 2.8978 0.7765 0.5 2.9743 0.3916 0.5
4 16 2.8978 0.7765 -0.5 2.7716 1.1481 -0.5 2.7716 1.1481 0.5 2.8978 0.7765 0.5
4 16 2.7716 1.1481 -0.5 2.5981 1.5 -0.5 2.5981 1.5 0.5 2.7716 1.1481 0.5
4 16 2.5981 1.5 -0.5 2.3801 1.8263 -0.5 2.3801 1.8263 0.5 2.5981 1.5 0.5
4 16 2.3801 1.8263 -0.5 2.1213 2.1213 -0.5 2.1213 2.1213 0.5 2.3801 1.8263 0.5
4 16 2.1213 2.1213 -0.5 1.8263 2.3801 -0.5 1.8263 2.3801 0.5 2.1213 2.1213 0.5
4 16 1.8263 2.3801 -0.5 1.5 2.5981 -0.5 1.5 2.5981 0.5 1.8263 2.3801 0.5
4 16 1.5 2.5981 -0.5 1.1481 2.7716 -0.5 1.1481 2.7716 0.5 1.5 2.5981 0.5
4 16 1.1481 2.7716 -0.5 0.7765 2.8978 -0.5 0.7765 2.8978 0.5 1.1481 2.7716 0.5
4 16 0.7765 2.8978 -0.5 0.3916 2.9743 -0.5 0.3916 2.9743 0.5 0.7765 2.8978 0.5
4 16 0.3916 2.9743 -0.5 0 3 -0.5 0 3 0.5 0.3916 2.9743 0.5
4 16 0 3 -0.5 -0.3916 2.9743 -0.5 -0.3916 2.9743 0.5 0 3 0.5
4 16 -0.3916 2.9743 -0.5 -0.7765 2.8978 -0.5 -0.7765 2.8978 0.5 -0.3916 2.9743 0.5
4 16 -0.7765 2.8978 -0.5 -1.1481 2.7716 -0.5 -1.1481 2.7716 0.5 -0.7765 2.8978 0.5
4 16 -1.1481 2.7716 -0.5 -1.5 2.5981 -0.5 -1.5 2.5981 0.5 -1.1481 2.7716 0.5
4 16 -1.5 2.5981 -0.5 -1.8263 2.3801 -0.5 -1.8263 2.3801 0.5 -1.5 2.5981 0.5
4 16 -1.8263 2.3801 -0.5 -2.1213 2.1213 -0.5 -2.1213 2.1213 0.5 -1.8263 2.3801 0.5
4 16 -2.1213 2.1213 -0.5 -2.3801 1.8263 -0.5 -2.3801 1.8263 0.5 -2.1213 2.1213 0.5
4 16 -2.3801 1.8263 -0.5 -2.5981 1.5 -0.5 -2.5981 1.5 0.5 -2.3801 1.8263 0.5
4 16 -2.5981 1.5 -0.5 -2.7716 1.1481 -0.5 -2.7716 1.1481 0.5 -2.5981 1.5 0.5
4 16 -2.7716 1.1481 -0.5 -2.8978 0.7765 -0.5 -2.8978 0.7765 0.5 -2.7716 1.1481 0.5
4 16 -2.8978 0.7765 -0.5 -2.9743 0.3916 -0.5 -2.9743 0.3916 0.5 -2.8978 0.7765 0.5
4 16 -2.9743 0.3916 -0.5 -3 0 -0.5 -3 0 0.5 -2.9743 0.3916 0.5
4 16 -3 0 -0.5 -2.9743 -0.3916 -0.5 -2.9743 -0.3916 0.5 -3 0 0.5
4 16 -2.9743 -0.3916 -0.5 -2.8978 -0.7765 -0.5 -2.8978 -0.7765 0.5 -2.9743 -0.3916 0.5
4 16 -2.8978 -0.7765 -0.5 -2.7716 -1.1481 -0.5 -2.7716 -1.1481 0.5 -2.8978 -0.7765 0.5
4 16 -2.7716 -1.1481 -0.5 -2.5981 -1.5 -0.5 -2.5981 -1.5 0.5 -2.7716 -1.1481 0.5
4 16 -2.5981 -1.5 -0.5 -2.3801 -1.8263 -0.5 -2.3801 -1.8263 0.5 -2.5981 -1.5 0.5
4 16 -2.3801 -1.8263 -0.5 -2.1213 -2.1213 -0.5 -2.1213 -2.1213 0.5 -2.3801 -1.8263 0.5
4 16 -2.1213 -2.1213 -0.5 -1.8263 -2.3801 -0.5 -1.8263 -2.3801 0.5 -2.1213 -2.1213 0.5
4 16 -1.8263 -2.3801 -0.5 -1.5 -2.5981 -0.5 -1.5 -2.5981 0.5 -1.8263 -2.3801 0.5
4 16 -1.5 -2.5981 -0.5 -1.1481 -2.7716 -0.5 -1.1481 -2.7716 0.5 -1.5 -2.5981 0.5
4 16 -1.1481 -2.7716 -0.5 -0.7765 -2.8978 -0.5 -0.7765 -2.8978 0.5 -1.1481 -2.7716 0.5
4 16 -0.7765 -2.8978 -0.5 -0.3916 -2.9743 -0.5 -0.3916 -2.9743 0.5 -0.7765 -2.8978 0.5
4 16 -0.3916 -2.9743 -0.5 0 -3 -0.5 0 -3 0.5 -0.3916 -2.9743 0.5
4 16 0 -3 -0.5 0.3916 -2.9743 -0.5 0.3916 -2.9743 0.5 0 -3 0.5
4 16 0.3916 -2.9743 -0.5 0.7765 -2.8978 -0.5 0.7765 -2.8978 0.5 0.3916 -2.9743 0.5
4 16 0.7765 -2.8978 -0.5 1.1481 -2.7716 -0.5 1.1481 -2.7716 0.5 0.7765 -2.8978 0.5
4 16 1.1481 -2.7716 -0.5 1.5 -2.5981 -0.5 1.5 -2.5981 0.5 1.1481 -2.7716 0.5
4 16 1.5 -2.5981 -0.5 1.8263 -2.3801 -0.5 1.8263 -2.3801 0.5 1.5 -2.5981 0.5
4 16 1.8263 -2.3801 -0.5 2.1213 -2.1213 -0.5 2.1213 -2.1213 0.5 1.8263 -2.3801 0.5
4 16 2.1213 -2.1213 -0.5 2.3801 -1.8263 -0.5 2.3801 -1.8263 0.5 2.1213 -2.1213 0.5
4 16 2.3801 -1.8263 -0.5 2.5981 -1.5 -0.5 2.5981 -1.5 0.5 2.3801 -1.8263 0.5
4 16 2.5981 -1.5 -0.5 2.7716 -1.1481 -0.5 2.7716 -1.1481 0.5 2.5981 -1.5 0.5
4 16 2.7716 -1.1481 -0.5 2.8978 -0.7765 -0.5 2.8978 -0.7765 0.5 2.7716 -1.1481 0.5
4 16 2.8978 -0.7765 -0.5 2.9743 -0.3916 -0.5 2.9743 -0.3916 0.5 2.8978 -0.7765 0.5
4 16 2.9743 -0.3916 -0.5 3 0 -0.5 3 0 0.5 2.9743 -0.3916 0.5
4 16 1.5 0 -0.5 1.5 0 0.5 1.4872 0.1958 0.5 1.4872 0.1958 -0.5
4 16 1.4872 0.1958 -0.5 1.4872 0.1958 0.5 1.4489 0.3882 0.5 1.4489 0.3882 -0.5
4 16 1.4489 0.3882 -0.5 1.4489 0.3882 0.5 1.3858 0.574 0.5 1.3858 0.574 -0.5
4 16 1.3858 0.574 -0.5 1.3858 0.574 0.5 1.299 0.75 0.5 1.299 0.75 -0.5
4 16 1.299 0.75 -0.5 1.299 0.75 0.5 1.19 0.9131 0.5 1.19 0.9131 -0.5
4 16 1.19 0.9131 -0.5 1.19 0.9131 0.5 1.0607 1.0607 0.5 1.0607 1.0607 -0.5
4 16 1.0607 1.0607 -0.5 1.0607 1.0607 0.5 0.9131 1.19 0.5 0.9131 1.19 -0.5
4 16 0.9131 1.19 -0.5 0.9131 1.19 0.5 0.75 1.299 0.5 0.75 1.299 -0.5
4 16 0.75 1.299 -0.5 0.75 1.299 0.5 0.574 1.3858 0.5 0.574 1.3858 -0.5
4 16 0.574 1.3858 -0.5 0.574 1.3858 0.5 0.3882 1.4489 0.5 0.3882 1.4489 -0.5
4 16 0.3882 1.4489 -0.5 0.3882 1.4489 0.5 0.1958 1.4872 0.5 0.1958 1.4872 -0.5
4 16 0.1958 1.4872 -0.5 0.1958 1.4872 0.5 0 1.5 0.5 0 1.5 -0.5
4 16 0 1.5 -0.5 0 1.5 0.5 -0.1958 1.4872 0.5 -0.1958 1.4872 -0.5
4 16 -0.1958 1.4872 -0.5 -0.1958 1.4872 0.5 -0.3882 1.4489 0.5 -0.3882 1.4489 -0.5
4 16 -0.3882 1.4489 -0.5 -0.3882 1.4489 0.5 -0.574 1.3858 0.5 -0.574 1.3858 -0.5
4 16 -0.574 1.3858 -0.5 -0.574 1.3858 0.5 -0.75 1.299 0.5 -0.75 1.299 -0.5
4 16 -0.75 1.299 -0.5 -0.75 1.299 0.5 -0.9131 1.19 0.5 -0.9131 1.19 -0.5
4 16 -0.9131 1.19 -0.5 -0.9131 1.19 0.5 -1.0607 1.0607 0.5 -1.0607 1.0607 -0.5
4 16 -1.0607 1.0607 -0.5 -1.0607 1.0607 0.5 -1.19 0.9131 0.5 -1.19 0.9131 -0.5
4 16 -1.19 0.9131 -0.5 -1.19 0.9131 0.5 -1.299 0.75 0.5 -1.299 0.75 -0.5
4 16 -1.299 0.75 -0.5 -1.299 0.75 0.5 -1.3858 0.574 0.5 -1.3858 0.574 -0.5
4 16 -1.3858 0.574 -0.5 -1.3858 0.574 0.5 -1.4489 0.3882 0.5 -1.4489 0.3882 -0.5
4 16 -1.4489 0.3882 -0.5 -1.4489 0.3882 0.5 -1.4872 0.1958 0.5 -1.4872 0.1958 -0.5
4 16 -1.4872 0.1958 -0.5 -1.4872 0.1958 0.5 -1.5 0 0.5 -1.5 0 -0.5
4 16 -1.5 0 -0.5 -1.5 0 0.5 -1.4872 -0.1958 0.5 -1.4872 -0.1958 -0.5
4 16 -1.4872 -0.1958 -0.5 -1.4872 -0.1958 0.5 -1.4489 -0.3882 0.5 -1.4489 -0.3882 -0.5
4 16 -1.4489 -0.3882 -0.5 -1.4489 -0.3882 0.5 -1.3858 -0.574 0.5 -1.3858 -0.574 -0.5
4 16 -1.3858 -0.574 -0.5 -1.3858 -0.574 0.5 -1.299 -0.75 0.5 -1.299 -0.75 -0.5
4 16 -1.299 -0.75 -0.5 -1.299 -0.75 0.5 -1.19 -0.9131 0.5 -1.19 -0.9131 -0.5
4 16 -1.19 -0.9131 -0.5 -1.19 -0.9131 0.5 -1.0607 -1.0607 0.5 -1.0607 -1.0607 -0.5
4 16 -1.0607 -1.0607 -0.5 -1.0607 -1.0607 0.5 -0.9131 -1.19 0.5 -0.9131 -1.19 -0.5
4 16 -0.9131 -1.19 -0.5 -0.9131 -1.19 0.5 -0.75 -1.299 0.5 -0.75 -1.299 -0.5
4 16 -0.75 -1.299 -0.5 -0.75 -1.299 0.5 -0.574 -1.3858 0.5 -0.574 -1.3858 -0.5
4 16 -0.574 -1.3858 -0.5 -0.574 -1.3858 0.5 -0.3882 -1.4489 0.5 -0.3882 -1.4489 -0.5
4 16 -0.3882 -1.4489 -0.5 -0.3882 -1.4489 0.5 -0.1958 -1.4872 0.5 -0.1958 -1.4872 -0.5
4 16 -0.1958 -1.4872 -0.5 -0.1958 -1.4872 0.5 0 -1.5 0.5 0 -1.5 -0.5
4 16 0 -1.5 -0.5 0 -1.5 0.5 0.1958 -1.4872 0.5 0.1958 -1.4872 -0.5
4 16 0.1958 -1.4872 -0.5 0.1958 -1.4872 0.5 0.3882 -1.4489 0.5 0.3882 -1.4489 -0.5
4 16 0.3882 -1.4489 -0.5 0.3882 -1.4489 0.5 0.574 -1.3858 0.5 0.574 -1.3858 -0.5
4 16 0.574 -1.3858 -0.5 0.574 -1.3858 0.5 0.75 -1.299 0.5 0.75 -1.299 -0.5
4 16 0.75 -1.299 -0.5 0.75 -1.299 0.5 0.9131 -1.19 0.5 0.9131 -1.19 -0.5
4 16 0.9131 -1.19 -0.5 0.9131 -1.19 0.5 1.0607 -1.0607 0.5 1.0607 -1.0607 -0.5
4 16 1.0607 -1.0607 -0.5 1.0607 -1.0607 0.5 1.19 -0.9131 0.5 1.19 -0.9131 -0.5
4 16 1.19 -0.9131 -0.5 1.19 -0.9131 0.5 1.299 -0.75 0.5 1.299 -0.75 -0.5
4 16 1.299 -0.75 -0.5 1.299 -0.75 0.5 1.3858 -0.574 0.5 1.3858 -0.574 -0.5
4 16 1.3858 -0.574 -0.5 1.3858 -0.574 0.5 1.4489 -0.3882 0.5 1.4489 -0.3882 -0.5
4 16 1.4489 -0.3882 -0.5 1.4489 -0.3882 0.5 1.4872 -0.1958 0.5 1.4872 -0.1958 -0.5
4 16 1.4872 -0.1958 -0.5 1.4872 -0.1958 0.5 1.5 0 0.5 1.5 0 -0.5
2 24 3 0 -0.5 2.9743 0.3916 -0.5
2 24 2.9743 0.3916 -0.5 2.8978 0.7765 -0.5
2 24 2.8978 0.7765 -0.5 2.7716 1.1481 -0.5
2 24 2.7716 1.1481 -0.5 2.5981 1.5 -0.5
2 24 2.5981 1.5 -0.5 2.3801 1.8263 -0.5
2 24 2.3801 1.8263 -0.5 2.1213 2.1213 -0.5
2 24 2.1213 2.1213 -0.5 1.8263 2.3801 -0.5
2 24 1.8263 2.3801 -0.5 1.5 2.5981 -0.5
2 24 1.5 2.5981 -0.5 1.1481 2.7716 -0.5
2 24 1.1481 2.7716 -0.5 0.7765 2.8978 -0.5
2 24 0.7765 2.8978 -0.5 0.3916 2.9743 -0.5
2 24 0.3916 2.9743 -0.5 0 3 -0.5
2 24 0 3 -0.5 -0.3916 2.9743 -0.5
2 24 -0.3916 2.9743 -0.5 -0.7765 2.8978 -0.5
2 24 -0.7765 2.8978 -0.5 -1.1481 2.7716 -0.5
2 24 -1.1481 2.7716 -0.5 -1.5 2.5981 -0.5
2 24 -1.5 2.5981 -0.5 -1.8263 2.3801 -0.5
2 24 -1.8263 2.3801 -0.5 -2.1213 2.1213 -0.5
2 24 -2.1213 2.1213 -0.5 -2.3801 1.8263 -0.5
2 24 -2.3801 1.8263 -0.5 -2.5981 1.5 -0.5
2 24 -2.5981 1.5 -0.5 -2.7716 1.1481 -0.5
2 24 -2.7716 1.1481 -0.5 -2.8978 0.7765 -0.5
2 24 -2.8978 0.7765 -0.5 -2.9743 0.3916 -0.5
2 24 -2.9743 0.3916 -0.5 -3 0 -0.5
2 24 -3 0 -0.5 -2.9743 -0.3916 -0.5
2 24 -2.9743 -0.3916 -0.5 -2.8978 -0.7765 -0.5
2 24 -2.8978 -0.7765 -0.5 -2.7716 -1.1481 -0.5
2 24 -2.7716 -1.1481 -0.5 -2.5981 -1.5 -0.5
2 24 -2.5981 -1.5 -0.5 -2.3801 -1.8263 -0.5
2 24 -2.3801 -1.8263 -0.5 -2.1213 -2.1213 -0.5
2 24 -2.1213 -2.1213 -0.5 -1.8263 -2.3801 -0.5
2 24 -1.8263 -2.3801 -0.5 -1.5 -2.5981 -0.5
2 24 -1.5 -2.5981 -0.5 -1.1481 -2.7716 -0.5
2 24 -1.1481 -2.7716 -0.5 -0.7765 -2.8978 -0.5
2 24 -0.7765 -2.8978 -0.5 -0.3916 -2.9743 -0.5
2 24 -0.3916 -2.9743 -0.5 0 -3 -0.5
2 24 0 -3 -0.5 0.3916 -2.9743 -0.5
2 24 0.3916 -2.9743 -0.5 0.7765 -2.8978 -0.5
2 24 0.7765 -2.8978 -0.5 1.1481 -2.7716 -0.5
2 24 1.1481 -2.7716 -0.5 1.5 -2.5981 -0.5
2 24 1.5 -2.5981 -0.5 1.8263 -2.3801 -0.5
2 24 1.8263 -2.3801 -0.5 2.1213 -2.1213 -0.5
2 24 2.1213 -2.1213 -0.5 2.3801 -1.8263 -0.5
2 24 2.3801 -1.8263 -0.5 2.5981 -1.5 -0.5
2 24 2.5981 -1.5 -0.5 2.7716 -1.1481 -0.5
2 24 2.7716 -1.1481 -0.5 2.8978 -0.7765 -0.5
2 24 2.8978 -0.7765 -0.5 2.9743 -0.3916 -0.5
2 24 2.9743 -0.3916 -0.5 3 0 -0.5
